6.3906 -0.5989 -2.3078 1.8418
-1.0097 21.0686 -1.4619 2.8794
-29.4916 23.4080 -1.3888 0.6596
-17.1089 5.0555 -1.0608 0.4360
-5.5380 -2.7046 -2.3208 1.6392
12.3373 2.0144 -1.3905 1.3554
10.1423 -12.1968 -1.0622 0.3515
8.1375 -16.7614 -2.7378 4.0586
11.8420 5.2706 -1.1578 1.5269
26.8923 56.9160 -3.0055 7.1001
6.7094 -7.8532 -2.4847 2.1166
39.0770 23.4226 0.2667 5.0142
-21.6895 8.2387 -1.2833 0.8912
10.4125 17.1384 -2.7440 2.8050
16.6607 -16.1963 -2.2107 1.1379
-10.7443 63.5321 0.3275 6.9405
38.7289 82.9066 -3.2791 6.9268
33.6856 18.3712 1.0439 4.6029
79.5674 19.1951 -3.3748 7.1112
-5.3872 -2.5265 -2.3140 1.6970
7.1566 -34.5456 -2.7185 5.7309
33.8884 0.5788 -2.0931 1.6004
-14.8008 39.5944 -2.4224 7.3284
21.9416 17.3960 -2.0347 0.7414
-3.8130 13.0054 -2.0396 0.6437
20.7463 17.8054 -2.3210 0.5381
13.7542 -14.5127 -1.6830 4.5106
-8.2625 2.7173 -2.3351 1.9455
3.4887 43.8426 -2.7263 4.0958
76.9297 46.5689 -3.7246 8.3061
-4.9328 4.0218 -2.3256 2.0037
-32.1623 2.1776 -0.6789 0.9513
-11.8074 -12.0630 -1.1815 0.8393
4.1823 19.5750 -2.1286 0.9964
-7.5086 -1.1575 -2.3001 1.7850
1.7993 6.6528 -2.4557 1.9012
17.1746 6.3826 -1.7329 1.2542
-5.7688 10.7040 -2.4998 2.0148
-19.1575 8.3394 -1.3035 1.4411
12.9008 25.8706 -0.6554 2.4586
13.2239 -3.5346 -2.5774 2.9010
55.3450 -8.1952 0.2993 6.4540
-8.7159 6.9022 -2.4486 1.7919
10.9660 -19.0488 -2.8723 4.1184
-25.8947 -0.2174 -1.4574 1.7294
-18.2416 53.2650 -1.4799 4.9609
-16.4750 59.2893 0.1070 2.3532
5.8092 -8.8810 -2.5211 2.1884
-27.0064 17.0042 -0.6740 3.0886
25.2120 -5.7422 -2.1096 1.2730
-40.0768 -9.7579 -1.6631 8.5989
17.1945 8.3417 -0.6248 1.6293
-27.0384 -25.9997 -1.8894 6.8882
-7.2766 -31.3169 -1.8676 7.8664
-42.5947 -16.8747 -2.2842 6.6511
-25.2791 13.0552 -0.4170 0.7216
0.2358 16.6418 -1.8247 1.7851
-1.8498 7.8945 -2.4636 1.8623
39.5827 24.9034 -1.3577 7.3238
-5.4331 -2.4979 -2.3152 1.7015
12.1269 1.9512 -1.5529 1.2074
8.1238 2.9619 -1.0567 0.5155
-22.1138 11.6970 -1.3161 1.0687
25.8748 30.0879 -2.5046 5.7465
-6.2997 16.2009 -1.2775 1.4126
-21.5701 -7.9441 -1.9597 3.7727
27.4193 -26.3009 -0.2004 6.3678
26.6304 -9.5011 -1.3638 1.4822
3.9308 -4.9503 -0.9177 1.5685
-4.6952 12.9005 -1.8422 2.5313
-4.8832 -25.8943 -2.5547 5.9627
34.3629 0.8362 -2.1777 0.8614
-48.6779 -16.3595 -2.2468 6.4390
-22.7935 54.6937 -0.3459 2.3534
62.8660 -3.5039 -1.0301 2.8749
32.4335 -23.1001 -1.1006 1.6640
-8.9823 -1.4907 -2.3044 1.6809
-44.3975 -37.6411 -1.8339 9.0419
-15.4834 -22.6164 0.5931 3.7340
-40.0390 -3.6999 -1.3157 1.8319
-22.7606 8.0873 -0.9516 0.8749
-4.6025 13.2479 -1.6864 0.8209
-2.4065 5.9881 -2.3697 1.8813
23.2826 -47.9093 -4.4503 6.5857
-24.6607 8.9718 -0.2615 1.2494
7.7946 -3.3112 -2.3828 1.9826
20.4790 18.5920 -1.9712 1.6902
11.2715 23.1747 -1.0201 0.6463
-7.5946 -2.3683 -2.3146 1.7098
-7.9900 12.1465 -1.4319 0.2603
-5.9128 -26.3415 -2.6245 5.2017
-10.4453 41.8836 -2.5373 6.4663
-43.2539 -16.9473 -1.8416 9.5119
-21.0571 10.4704 -1.4529 1.1157
-2.2492 6.0512 -2.3745 1.9642
-6.7358 -14.8253 -2.2807 2.5308
7.0034 -4.5048 -2.3843 1.9750
36.0067 1.9024 -1.7641 0.9836
12.8690 -3.5714 -2.5670 2.8249
20.5551 18.3061 -1.9820 1.2852
-13.7583 62.0146 -0.4071 4.0884
-43.0418 -34.2995 -2.0700 8.6571
-16.6963 59.0991 -0.3571 2.2989
12.0842 3.9257 -0.7397 1.6093
-17.5908 -4.8886 -2.3150 2.5358
-45.2777 45.3772 -0.2264 7.4320
-16.4869 -4.0508 -2.3114 2.3562
10.0590 -12.3035 -1.2458 0.4894
-7.9502 12.1771 -1.3277 0.2161
-19.0138 7.8578 -1.2531 1.9010
-30.7708 3.0761 -0.9818 0.9214
-5.1501 -2.9024 -2.3186 1.7142
19.4449 -0.8175 -2.7367 3.4874
-6.3471 -17.2871 -2.1741 3.0742
14.9004 25.2721 -1.7751 1.2520
23.7443 -6.0797 -2.1608 0.8276
7.4545 -0.7385 -1.0814 0.4060
40.9461 -17.4383 -0.9155 5.6952
-13.7584 37.4150 -2.6010 7.4418
-7.8418 12.2395 -1.4662 0.3313
-7.9416 12.0699 -1.2957 0.2117
-1.0114 8.7882 -2.4948 1.8799
-1.2134 -8.0702 -2.4016 2.2302
-4.7698 12.9083 -1.7823 2.0358
-5.4376 14.1014 -1.5777 1.7131
15.7617 -0.3250 -2.3603 3.5370
8.2730 3.1268 -1.4462 1.2326
4.7357 -10.0958 -2.5369 2.3644
-1.7103 60.8558 -1.9243 5.5305
-26.7319 -9.2319 -1.4832 4.9545
2.5010 17.1583 -1.9920 1.7045
5.3386 19.1587 -2.2606 1.1745
39.2597 -18.6856 1.0883 5.4107
-39.7527 -3.5612 -1.3076 1.0046
44.2450 -13.9151 0.1225 1.9619
8.3007 3.2379 -1.6503 1.1138
9.9845 -12.3941 -1.2010 1.4198
16.8822 6.0237 -1.3177 1.4626
-32.3964 -14.2284 -2.2162 6.7406
17.6934 -49.4331 -4.3945 8.3658
-6.1285 -9.8887 -2.3263 2.1169
-11.4300 62.1087 -0.4510 2.6289
7.4293 3.0126 -1.4883 1.0193
25.7013 -4.7244 -2.1904 0.7820
-3.9178 -6.8626 -2.3490 1.8929
12.0171 4.0336 -0.6314 1.2724
73.0166 67.1569 -3.5282 7.3241
-27.9477 40.8721 -0.1059 6.4407
-58.5308 -17.6458 -1.9531 6.9492
16.9213 5.3696 -1.7845 0.6380
-25.0626 11.1649 -0.2046 1.2382
-57.5098 -19.4048 -1.9381 7.2596
-7.5458 12.4780 -1.3896 0.5642
-6.5959 6.0288 -2.4139 1.8387
-28.7223 3.8938 -1.0909 1.5474
23.0230 -49.1287 -4.5385 9.8334
-7.5732 37.8893 -2.2570 0.9364
-11.3529 -11.8325 -1.0447 1.2775
-36.8382 -15.3697 -2.1548 7.2186
24.5806 -5.2890 -2.1704 0.6533
23.0455 -6.6981 -2.0924 0.6130
-7.9295 -4.5250 -2.3245 1.8069
30.8412 -24.1081 -0.9034 4.2386
-8.8243 -4.6249 -2.3163 1.7070
-15.4403 60.5950 -0.4932 4.5532
8.6401 -18.5277 -2.7819 4.8727
5.2649 -13.4344 -2.6322 2.9855
-1.6925 -25.1600 -2.3923 5.1720
5.2908 3.3596 -2.5088 1.8296
7.6795 3.0129 -1.2207 1.6366
-16.1346 -13.1045 -1.6549 2.3407
-4.0023 -6.6542 -2.3481 1.8580
14.9873 16.3548 -2.2538 5.0315
18.6865 -51.9176 -3.9551 6.4795
-14.4005 -11.3688 -2.0609 1.8274
-13.2210 -9.0339 -2.2189 2.4451
-24.8733 6.7932 -0.8181 1.4517
-16.6703 5.2138 -1.2269 0.4186
-2.2660 6.6586 -2.4087 1.8285
29.8348 -2.6588 -2.3559 1.1637
13.8940 16.3233 -2.2002 1.7087
-4.8768 38.9678 -1.5972 4.1534
27.6382 -26.1851 -1.0687 1.5977
3.9810 -4.9245 -0.9533 0.4916
17.4971 16.8983 -2.5023 4.0510
-3.3393 10.1995 -2.5105 2.2158
11.2803 -42.0841 0.0220 7.7665
24.3281 -5.6571 -2.0186 0.8321
-33.9717 24.5147 -0.2438 3.0402
20.7949 -13.5469 -2.0042 1.0620
-7.9973 -2.5211 -2.3125 1.7493
2.8187 16.8637 -2.2213 1.4311
21.3076 -13.3333 -2.1807 2.4525
-6.8364 -17.5728 -2.1479 2.5892
7.9617 12.5944 -2.6593 2.9909
8.0518 3.0472 -1.2566 0.4411
-13.4410 -7.4305 -2.2745 2.4027
-21.6408 8.4463 -1.2307 0.9032
12.5534 5.6267 -1.3956 1.7989
-17.7989 48.4211 -1.7949 0.8451
-42.6861 43.9855 -0.6157 5.6206
-11.4416 -11.9094 -1.1052 0.3993
24.6255 16.3123 -2.3276 4.5992
-27.9062 40.1528 0.9043 9.1071
-2.2355 6.5176 -2.3958 1.9606
-16.7612 6.4443 -0.9851 1.5048
0.8113 7.8179 -2.4776 1.8235
33.1707 -22.5732 -1.1042 2.3291
5.4864 69.0948 -2.6153 8.4627
-6.4933 13.0391 -1.4370 1.1045
21.1145 -13.3617 -1.9118 1.2427
-48.9151 -40.4950 -1.6858 7.1384
-24.5191 53.7076 0.1141 2.6561
7.6980 2.9611 -1.0777 0.9667
-17.2907 4.9628 -1.5980 0.5849
37.1944 -19.9951 -0.1981 5.4261
43.6836 -14.9903 0.1506 4.6255
17.3820 73.5648 -2.2625 6.6623
10.3036 22.2698 -2.0380 2.2744
3.3051 5.5518 -2.4926 1.7431
12.0260 23.8875 -1.1151 1.5426
1.0924 26.1741 -2.0790 4.8381
7.4599 -0.7387 -1.0851 0.9734
6.2657 19.1558 -2.4748 1.4605
-6.1815 -2.6462 -2.3233 1.6177
25.6020 -27.4647 0.3837 5.7079
-9.3069 34.9846 -2.6055 6.3973
-5.2092 7.1078 -2.4416 1.8133
-2.3201 -26.2959 -2.4350 1.1015
-3.7493 -7.1382 -2.3576 1.9293
6.7699 0.3107 -2.3203 2.0951
7.4540 6.0175 -2.6106 1.9952
16.9111 5.3166 -2.1574 0.9584
-8.8732 12.5240 -1.6180 1.3556
41.6725 -17.0917 -0.8186 1.6783
-5.3756 -2.6566 -2.3180 1.6328
-7.3465 -11.0157 -2.2889 2.0820
8.2166 2.9840 -0.9860 0.4488
0.2423 7.6697 -2.4624 1.7831
-9.0301 -10.4799 -2.2476 2.0966
32.7911 -0.6639 -2.2609 1.7411
-33.2993 -3.8546 -1.1841 2.6876
6.2456 2.7974 -2.4574 1.2394
-21.9230 10.9716 -1.4809 2.6554
-3.3006 18.4787 -1.6760 1.3291
-25.1695 12.5856 -0.4214 0.9401
-16.6551 5.1866 -1.2103 0.3751
-3.8069 -25.6703 -2.2978 2.4752
37.7775 -19.6129 -0.4056 6.0253
-16.5486 4.9576 -1.7218 0.6173
10.2498 -12.3229 -1.2323 1.3692
28.7570 -25.4556 -1.1733 6.2064
16.7121 5.1783 -1.5919 2.4458
-1.7871 61.0144 -2.0646 11.8134
4.8168 47.3429 -2.7861 1.6580
-27.0866 17.0646 -0.4663 2.0927
3.3923 -16.9385 -2.6572 3.8447
-7.3824 16.6847 -1.3040 1.7976
22.6150 -8.5869 -2.3159 3.0292
0.2039 16.5530 -1.8325 1.5154
17.2238 4.8843 -1.7290 1.4639
34.7043 1.2215 -2.2453 1.7350
-7.8859 12.1514 -1.3677 0.3026
-3.9124 10.3999 -2.5119 2.2281
-2.3300 19.4741 -1.1475 0.7370
11.7104 4.9545 -0.4706 0.8948
-1.9331 19.6306 -1.5050 1.7088
19.7571 -14.2931 -2.0783 2.8616
5.6393 19.2206 -2.3427 1.0752
20.8327 17.6279 -2.1102 0.7916
27.5688 -26.1153 -2.1166 2.7649
1.7970 54.0672 -2.5591 11.7781
-29.4073 24.0377 -1.0503 0.8480
6.2465 24.3485 -1.6408 3.7925
-31.4920 2.6213 -0.8892 0.7370
-43.3859 -10.6004 -1.9631 4.9321
5.0691 -32.9047 -2.0293 3.2223
-46.5076 35.3318 0.3783 6.5876
7.9692 2.9992 -1.1751 0.9071
-19.8833 7.7727 -1.2903 1.8510
7.8057 -33.3011 -2.5798 6.0613
16.6665 6.3033 -2.1777 2.1920
20.8671 17.5567 -2.3509 0.2963
-19.8030 -22.5829 -1.3489 0.6009
38.5334 -19.1441 -1.4718 6.6942
1.3979 7.1270 -2.4578 1.9080
11.7138 -1.2452 -2.4541 2.6572
5.9762 49.0609 -2.8001 10.2017
8.1443 3.2333 -1.3651 0.8957
24.5253 -35.5471 -2.9973 12.3385
35.4719 4.0030 -2.7600 5.0524
24.8548 -4.8550 -2.2526 0.4426
-20.8224 1.1379 -2.2715 1.8588
32.2252 -1.3950 -2.3441 0.7457
46.0161 -13.6831 -0.3796 5.9117
-7.4423 0.6557 -2.3029 1.8750
-1.6578 35.0633 -2.5386 5.1868
4.0705 -4.9352 -0.8867 0.3523
-43.9069 -13.0927 -2.2801 6.3525
-7.9711 12.1780 -1.3227 0.2062
-29.5228 23.5115 -1.0497 1.2115
-5.0138 40.7424 -2.5719 5.8092
14.0775 16.1808 -2.1782 1.2930
8.9699 -13.9102 -1.6527 4.4977
20.9310 17.6050 -2.0741 0.4136
-7.9307 12.1501 -1.2306 0.1782
24.1393 -5.6751 -2.0961 1.2117
39.1272 23.4867 0.7054 4.7670
34.3398 0.6064 -2.3067 0.9046
-33.7957 -23.3286 -2.0418 7.9396
60.4303 8.9923 -2.4868 4.9133
16.9623 8.2985 -1.9519 1.4714
-3.6096 13.0043 -2.2762 0.5738
-7.5166 12.3822 -1.3230 0.4077
-9.1415 -10.2335 -2.2446 2.1979
-8.4735 38.7877 -2.6116 6.8342
8.6143 -5.2944 -2.4579 2.0308
-11.3368 -11.9442 -1.2998 0.4850
28.0131 -25.9249 -0.4959 6.1709
-31.9002 21.6962 -0.3416 1.8516
-26.8357 52.3310 -0.2355 1.3302
-28.0345 51.8697 0.1433 1.8717
3.9680 -4.9688 -1.2140 0.9702
4.1029 -4.9855 -1.0828 1.0861
28.6344 -25.5415 -0.6090 2.9877
-25.4798 24.9729 -1.8932 5.5639
-4.9757 -3.6336 -2.3215 1.6995
4.5559 19.8111 -2.1195 2.4547
-8.6061 11.4678 -1.6417 1.5992
-17.7319 4.2938 -1.1413 1.0606
17.0201 8.3111 -1.8216 1.5676
-5.1055 -2.9854 -2.3205 1.7142
11.0981 23.3286 -1.2175 1.7556
-34.3778 -5.2082 -1.1018 2.2201
34.3191 0.6744 -2.3132 0.5909
-15.7201 -13.2106 -1.8040 1.1082
11.6850 24.0757 -0.2496 1.5265
76.9447 46.5997 -3.7258 7.5353
-15.7561 -13.2633 -1.5932 0.6043
-24.7924 6.9432 -0.9700 1.1855
-26.9987 17.4929 -0.7937 1.3501
-27.5517 -1.1657 -1.0979 0.9113
-4.4119 -5.5668 -2.3352 1.9040
-15.5350 -13.3696 -1.9072 1.4153
-6.0705 -38.6850 -1.0700 9.1163
-11.6399 6.3396 -2.4043 2.0968
39.5304 19.5147 -2.7296 7.7769
-15.8228 -13.2341 -1.8682 1.1364
41.2878 -17.2384 -0.5011 1.4681
7.4480 -0.7393 -1.0862 0.9075
-3.9350 -5.6565 -2.3422 1.9425
-10.8522 -30.5796 -2.6210 8.8710
22.0000 -10.8148 -1.9663 3.7869
11.2862 23.0616 -0.9405 3.9677
23.3383 17.9120 -2.0197 3.4806
35.2314 -21.2250 0.6392 5.1354
-12.1329 8.6596 -2.4126 2.1108
-25.4629 0.6684 -1.3069 0.9126
0.1734 -26.7282 -2.3854 5.6691
30.6897 -24.1778 -0.1653 6.1647
42.2716 -16.3656 0.5573 5.9111
10.8209 31.6987 -2.5914 3.8369
-25.4512 5.8485 -0.6416 0.3893
-5.1373 3.7791 -2.3187 1.9659
-4.5373 -22.4251 -2.3820 2.9715
17.0686 5.2376 -1.9627 1.1936
5.6680 -1.0332 -2.2970 1.6542
8.0911 3.1235 -0.4907 0.2367
2.7169 14.2078 -2.5482 2.1454
-15.6675 -13.2729 -0.8314 1.2396
-28.0007 -1.5904 -0.5671 1.1992
-20.3097 -22.9064 -0.3966 0.6413
7.3862 -33.4279 -2.5680 5.4573
-5.9955 -31.1056 -2.1914 9.6345
1.2664 -41.8478 -2.1422 5.2751
8.4205 2.9565 -1.0163 0.4069
-0.8755 62.0932 -2.2100 8.3056
39.2286 -18.6706 -1.5539 7.3337
-8.0481 62.6398 -0.6651 3.9064
26.1983 -4.4806 -2.2988 0.8618
-7.4177 -5.7005 -2.3352 1.8077
-15.6967 -13.4216 -1.2691 2.3024
30.0521 -24.6107 -0.8797 3.9765
15.1420 25.3500 -1.7568 2.2411
23.9097 11.8426 -0.5747 2.2099
-2.5895 6.1109 -2.3799 1.8652
9.2022 2.9165 -1.0421 0.8150
-11.4284 -11.9083 -1.1219 0.4224
-9.6059 -7.9879 -2.2859 2.0426
6.9792 9.4274 -2.5001 1.8717
16.6560 -16.2767 -2.4349 4.0586
25.7119 -27.3883 0.7353 8.0228
-38.2068 -4.3549 -1.4051 3.3175
10.0011 -12.2821 -1.4879 3.8709
23.4387 -6.1682 -2.1013 0.9399
-21.6170 8.1938 -1.1584 0.5541
-34.1864 26.4893 -0.1450 3.6164
-22.2136 12.2150 -1.5259 0.9799
-1.5404 6.3244 -2.3876 2.0653
-0.6153 6.5017 -2.4009 2.0262
-28.6880 4.1027 -0.8892 0.8582
-33.4020 -41.5116 -2.3080 7.6590
2.2296 -9.0296 -2.4793 2.4542
-21.6204 1.2406 -2.0550 2.5184
-20.9763 1.3301 -2.2111 1.4742
-0.2540 14.0703 -2.5409 1.2286
-21.6841 11.4239 -1.5083 0.9550
-9.5373 -25.1689 -2.6232 6.5948
-24.7966 6.8554 -0.9273 1.0502
35.3220 -58.2683 -5.2715 10.3989
23.6946 -11.2594 -2.3003 4.4027
7.4548 -0.7386 -1.0813 0.9278
25.9010 -27.2983 -0.8702 2.1278
23.3822 -49.0071 -4.5323 7.2957
32.1045 -23.2927 -1.3406 6.2877
-33.7450 -23.3563 -2.0405 7.6718
11.9600 5.1006 -1.0406 0.8418
-5.2459 -2.9273 -2.3192 1.6545
-42.3083 -10.6099 -1.3244 4.3067
-21.9971 8.4397 -1.1801 1.1993
-35.6432 -39.1549 -1.7061 7.7699
-6.5265 12.7407 -1.4399 1.0165
-23.3545 -22.4635 -1.6807 4.8873
7.5161 49.5654 -2.7404 8.1315
16.9521 -16.2701 -1.0628 2.1404
5.3225 6.9818 -2.5723 1.8017
-22.1191 7.5624 -1.1530 0.6684
-15.8210 -13.2206 -1.9922 1.9626
-16.5511 5.1919 -1.1918 0.3698
-8.2662 8.4762 -2.4894 2.0626
21.4585 -24.4511 -2.8514 5.8035
11.6535 4.8567 -0.6309 0.8953
27.1599 -3.9823 -2.2060 1.0416
5.6846 17.8949 -2.6275 1.4713
-15.5952 34.7137 -2.3509 8.0734
8.1954 3.0153 -1.3061 0.5869
-34.0688 21.8129 0.0858 1.5139
23.2877 -41.0228 -4.0511 7.9772
-5.7470 5.0777 -2.3932 2.0191
-33.3471 32.8675 -2.1494 5.9534
-15.5523 11.9589 -2.3005 2.7973
-38.7142 -69.2348 -2.9248 5.4705
25.5191 -27.5174 0.0575 6.3664
8.1197 2.9562 -1.2889 0.5648
-25.5719 5.4344 -0.9043 0.4728
8.7956 -18.0807 -2.7952 3.9602
-29.2452 23.6807 -1.3642 0.8047
-3.2768 9.6448 -2.4924 2.2346
10.6947 4.2902 -0.9610 2.1721
-25.2675 13.3347 -0.7518 0.7231
-6.1259 -2.5825 -2.3199 1.6084
-7.4686 3.5341 -2.3461 1.8833
-5.0544 -3.0162 -2.3186 1.6798
9.9452 -12.3760 -1.0845 3.1851
6.3079 0.4649 -2.3302 1.9841
-7.8440 1.3275 -2.3135 1.9024
-11.5037 -4.4550 -2.2991 1.9869
-20.5312 1.3163 -2.2832 1.7668
46.7943 -13.3434 1.3228 5.9218
-18.5634 57.8065 -1.1454 2.6654
6.9011 48.1338 -2.8357 10.0947
25.6136 -27.4631 -0.5654 4.7932
16.4189 7.8076 -1.7966 2.5598
-25.4534 14.3917 -0.8804 0.4613
-7.9598 12.1913 -1.4092 0.2999
-8.2519 4.3710 -2.3728 1.8430
-8.0179 -3.0576 -2.3212 1.7284
-36.8382 -15.3697 -2.1548 7.2186
-26.3441 4.7537 -0.9376 0.7458
-3.5271 18.8277 -1.3049 1.5034
53.3656 7.0132 -3.1060 7.6794
-24.8365 14.5675 -1.3585 1.0129
-44.9770 -14.5368 -2.3568 6.6198
38.3717 -19.2418 0.6694 5.3125
5.5030 -7.1029 -2.4383 1.9172
55.2331 18.8662 -2.5438 7.3917
-16.4943 5.8540 -1.4974 0.9300
5.9043 -46.2346 -2.4876 8.5927
-59.2701 -21.2401 -1.9952 6.3401
-15.8605 -5.6880 -2.3026 2.4079
-8.7705 4.4151 -2.3770 1.7757
10.1005 -12.1332 -1.1735 1.0053
-6.6858 14.7753 -1.3532 2.9840
10.2780 -12.3323 -1.2833 1.1960
8.1743 3.0321 -0.6484 0.2277
12.0486 3.3730 -0.7139 1.7228
12.5775 2.5271 -1.3591 2.0806
20.7734 17.2647 -2.2662 1.3816
-31.7822 2.4058 -0.8007 0.8215
10.6947 4.2902 -0.9610 2.1721
-13.1853 61.1838 -0.5401 1.6519
67.0246 69.0767 -3.4264 4.6706
18.7408 10.6053 -2.1479 2.5573
-29.2240 50.8743 -0.0406 1.4033
-16.5765 5.2358 -1.4081 0.5316
-7.6093 12.2883 -1.2941 0.2572
27.0089 -26.5492 -0.5241 2.2223
-8.6978 12.5694 -1.4606 1.8919
-21.5075 11.6393 -1.4464 0.6925
0.9668 7.4546 -2.4599 1.7494
-31.4610 2.6389 -1.0101 0.8187
-3.4330 38.9280 -2.5713 3.7481
30.7257 -24.1747 -0.7951 5.3154
89.1205 50.3076 -6.0568 12.8473
-7.8772 37.5707 -2.4567 2.6037
-2.3529 7.7016 -2.4591 1.8321
-25.4691 14.6919 -1.0334 0.5904
11.6946 5.1445 -1.4859 1.0352
4.0148 -4.9912 -1.4485 0.9794
10.8208 31.6850 -2.5881 3.9629
-2.4442 19.6506 -1.0149 0.3519
22.0460 -6.9854 -2.2783 3.1764
