12.5239 -42.3444 -4.0862 10.6987
33.1268 1.5866 -2.8982 5.0927
19.7007 12.6584 -2.2362 0.8768
39.3654 21.1704 -3.0892 5.9074
-5.3905 14.8574 -1.3007 0.9879
-16.3599 8.2575 -2.0774 1.6508
2.8304 7.9694 -2.4629 1.7833
7.8428 -0.5817 -1.1173 0.8585
42.2791 16.0116 -3.1309 7.7436
33.7268 -24.8253 -0.9647 3.6649
-5.2318 53.4798 -1.8893 4.5490
-6.1478 -39.7062 -2.2327 7.3167
7.5885 -2.2576 -2.4082 2.0865
3.5558 -3.9706 -0.5969 0.2032
4.5012 -5.6242 -2.0388 1.6182
-0.5500 15.6045 -1.8679 0.8977
-8.1397 -23.2872 -2.3751 2.3843
11.3509 -25.8959 -3.3652 6.2660
-15.0225 9.2988 -1.6997 0.8399
9.4397 2.9579 -0.5233 0.2989
29.6773 32.8099 -2.7431 5.5761
42.1794 19.0807 -0.5153 5.9628
21.3539 -33.1921 -0.9352 8.4131
-19.5235 -8.1910 -1.6533 3.2738
-27.3420 4.9650 -0.7465 1.5396
-23.2218 -17.1670 -0.9612 0.8557
-17.5019 -8.5160 -1.0961 0.6375
-7.9497 61.2206 -0.4605 2.3497
-23.1804 -10.9985 -1.5264 3.9194
-32.4183 4.0662 -0.7602 3.0922
-33.5949 2.0887 -0.7011 0.9367
-1.0317 15.4178 -1.7373 0.9322
34.3986 -3.9901 -2.2344 0.7949
19.6772 12.6507 -2.1719 0.9737
-25.8325 37.5760 -0.6675 2.2188
-43.4141 -9.6940 -1.9333 10.9215
30.9711 -25.9096 -1.5974 7.0709
7.0921 -14.9621 -2.8181 2.9890
30.8934 29.1592 -1.7825 1.4204
-1.5113 14.3452 -2.1302 0.9324
18.5474 -15.7714 -2.5555 1.2236
6.5710 2.7971 -2.4923 1.3472
-21.1942 17.0213 -0.5183 1.2915
7.9311 -0.5102 -1.1671 1.0152
-24.0092 7.1154 -0.9743 0.6999
-10.4325 -35.1254 -1.5609 1.1532
-12.7783 29.3689 -1.4664 2.1523
21.5915 -37.7452 -3.9328 10.7767
14.3557 21.4649 -2.1219 2.4585
39.5167 -22.2880 -1.3596 9.0507
-10.3574 -14.9128 -2.0395 1.4900
36.6531 -2.1578 -2.3886 0.9773
27.1898 -49.7789 0.6058 6.0073
2.9271 5.6313 -2.4464 1.6149
-28.6263 10.5179 -0.5025 0.9426
-54.7629 -51.3074 -2.4061 6.5421
3.5337 -3.9650 -0.6023 0.2229
-9.2360 60.8661 0.1967 2.0874
-5.4888 -1.7107 -2.2897 1.7699
5.3850 3.1486 -2.4765 1.7076
-6.8264 61.8433 -0.4583 2.5051
-4.7709 -4.0098 -2.3174 1.8040
-24.3413 29.6484 -0.9689 1.3283
-25.0416 29.3209 -0.9304 1.1866
-23.8027 11.4079 -0.7455 0.4038
-3.7043 6.6279 -2.3290 1.9085
-9.3515 -1.9406 -2.2774 1.7242
17.3258 23.3637 -1.0394 2.3046
-22.4222 24.0286 -0.3548 5.0607
13.4370 3.4353 -0.4143 1.1308
15.5923 49.1251 -2.5736 8.9343
-65.4170 -29.5825 -0.0785 5.2064
-7.7751 -23.3714 -1.9661 0.9807
-31.1144 49.8307 -0.5220 7.1821
39.1850 -22.3880 -0.7574 3.6642
-27.7751 -13.8639 -1.2248 4.9587
9.3558 3.0338 -1.1619 0.9731
23.7059 -7.3376 -3.0968 2.3100
-37.5763 0.0953 -2.0235 4.9434
-5.2364 15.0211 -1.2011 0.6790
-51.3914 -56.8192 -2.7435 8.7997
48.9116 36.5828 -2.0116 5.5866
28.7445 -26.8356 -0.5320 5.7755
-33.1552 9.0779 -0.8814 1.1472
8.8166 -38.3377 -3.6076 8.9583
-7.5234 -7.4200 -2.2828 2.0679
-22.2110 36.8559 -1.8625 10.4233
-49.0871 -3.8481 -1.9595 6.4041
5.9374 -4.3079 -2.4068 1.6843
12.3879 3.2577 -0.4726 0.8464
-2.6702 5.6728 -2.2847 1.7640
-2.7052 18.7947 -0.9771 4.0344
31.3305 -25.7518 -0.7392 2.1180
9.4132 -11.4048 -0.8169 1.2237
-14.3906 -6.6083 -1.9300 1.2602
27.7456 10.6531 -3.0091 4.4040
22.1573 -29.4833 -1.4402 4.8218
8.3092 18.2744 -2.4414 1.3058
27.6056 -6.8670 -2.3654 0.8739
36.1834 35.9155 -2.7702 8.0002
27.4670 -27.3638 -1.2275 4.0953
-7.7884 -23.4304 -1.8822 0.9524
18.7795 -15.4052 -2.2783 1.5615
-45.7216 6.8153 -1.5565 6.3492
-13.9056 29.3688 -1.4472 3.2728
82.5863 58.7520 -2.4983 6.7020
-22.8474 23.9802 -0.3087 4.0837
77.3191 15.5648 -3.8317 7.7020
-5.2546 7.4682 -2.3258 1.7892
-6.7316 -11.1772 -2.3769 2.2583
-18.2064 56.5466 -0.4838 2.1763
7.0615 -4.5413 -2.4343 1.6777
4.2135 -6.1084 -2.4476 1.8874
11.7855 6.1601 -2.3411 2.9064
31.8985 -25.5630 -0.8268 4.3674
-2.3947 13.3909 -2.3949 0.7976
-18.2730 -17.8039 0.6376 4.8859
6.8675 17.0440 -2.6294 1.3575
-23.2549 -20.5225 -0.1244 6.3031
-27.3139 32.9928 -0.4387 4.6421
-5.0954 15.0202 -1.1837 0.2320
63.3735 -0.3174 0.4079 6.9595
-23.4163 6.6175 -1.6164 1.5212
5.4114 -45.3176 -2.8368 4.4371
37.7667 -22.9923 -0.7956 4.4489
-5.2520 -2.0825 -2.2921 1.7227
3.3864 9.8551 -2.4998 1.8089
20.4735 13.1425 -2.2985 1.3282
0.0322 64.5942 -0.0693 1.9336
86.1408 34.6574 -3.9516 7.8685
44.7689 -19.9197 -1.5265 8.6030
-33.3956 46.2182 -0.0206 2.8770
10.0435 19.1141 -2.5379 1.3507
9.3822 2.9504 -1.1163 0.4534
28.5208 50.0913 -2.7747 9.4685
0.6653 -41.1933 -3.6593 10.4772
-5.2196 14.9567 -1.2767 0.3718
9.4172 2.9778 -0.3518 0.3505
21.0051 -30.0143 -0.9095 1.1237
18.6176 12.6427 -1.9713 0.9039
-36.5982 -17.4337 -1.4286 1.4874
18.7264 -15.4472 -2.7956 3.4591
-10.9264 58.1448 -0.8220 3.5006
-10.7199 57.0233 -1.1352 3.1193
-66.5640 -35.9730 0.5610 6.5589
7.5342 -15.5858 -2.8503 3.1467
-5.2689 4.8865 -2.2628 1.7086
8.1602 -6.4766 -2.5644 2.0033
-16.0278 58.0544 0.2887 1.7353
17.7251 3.5928 -1.1895 3.0902
-6.4401 -1.7943 -2.2942 1.6049
28.6429 -26.8812 -0.8474 5.3962
-11.9331 28.9036 -1.8796 0.8210
-5.6871 5.4957 -2.2797 1.7842
-52.9559 -4.0008 -1.7953 5.5794
26.4505 -7.1761 -2.5289 0.9162
4.1200 7.3967 -2.4939 1.6770
40.2572 -21.6929 1.2199 5.1367
-18.5205 28.5736 -1.4432 5.2107
-5.4964 2.3714 -2.2551 1.9939
-49.0845 -3.8462 -1.9594 6.7568
-4.6736 5.6671 -2.2774 1.7463
-18.5687 10.9251 -1.0958 2.6030
-24.1023 6.9195 -0.9457 0.5432
-14.4224 9.6486 -1.6843 0.7858
-1.3711 39.4902 -2.0590 3.8459
36.7617 39.4122 -2.6749 8.5417
-49.8145 -9.4954 -2.0228 7.4927
-14.9087 -5.3760 -2.1711 2.2783
-14.7429 11.9954 -1.3242 1.1722
29.3159 49.2068 -2.7519 5.6504
9.9915 2.6980 -1.1707 0.9483
10.1504 -4.6758 -2.5806 2.1239
-5.2742 3.5214 -2.2494 1.8500
-8.9807 -4.9950 -2.3023 2.1790
-7.6812 -23.5604 -1.8564 1.0061
20.4921 -30.7571 0.1645 5.4717
58.7494 52.8995 -3.3514 9.1614
-16.2965 -30.1146 -2.4686 4.3247
20.9246 22.8058 -2.5150 3.0763
12.1772 23.1293 -1.7524 3.5959
17.1686 -21.8632 -3.2979 4.6112
-42.5637 -3.6264 -1.7059 9.6586
3.8023 -6.3055 -2.4570 1.9462
-14.7015 11.0635 -0.2932 1.8279
6.5243 23.0076 -1.9505 0.9331
-20.8677 13.1677 -0.8645 1.0329
17.3496 -30.6428 -3.3841 6.5397
28.0442 28.2283 -2.4397 4.2788
20.9784 -32.6367 -0.6764 7.7324
-4.3074 -6.8175 -2.3803 1.9251
8.8917 3.9203 -2.5963 1.6502
-12.7584 -7.9951 -1.3781 0.7776
-20.9212 16.8425 -0.5851 1.3877
-45.8021 7.1382 -1.5615 5.7920
7.9637 -0.5157 -1.0659 0.3959
62.6121 -13.0196 -1.1539 3.3900
19.1517 4.7130 -1.7435 2.8670
-4.7609 5.6079 -2.2758 1.6543
-12.7770 -7.9818 -1.5668 0.8469
3.4975 6.0156 -2.4736 1.6243
-7.5947 -23.5197 -2.1710 0.4000
3.6102 -3.9863 -0.7610 1.1854
18.8429 30.8638 -2.5015 7.4397
5.4489 44.3785 -2.6287 5.9329
-15.7123 2.1727 -2.2419 2.4449
29.8012 29.2454 -2.4579 2.5955
-31.7524 8.9557 -0.5779 1.2251
-21.3887 19.5736 -0.7289 1.1438
39.2956 -22.3845 -1.5042 9.0982
12.1932 -19.0470 -2.5096 4.1683
-4.9460 14.8785 -1.2902 0.6548
36.7889 39.1452 -2.5403 9.0233
-23.4650 32.1589 -1.2942 2.6223
29.4808 -26.5305 -1.2450 1.7636
-13.0011 -27.2678 -1.6880 5.6130
33.3518 37.6780 -2.6605 8.9452
-17.0392 2.7228 -2.2457 2.4794
-15.8134 -29.0383 -2.3005 1.3299
3.8018 -5.6336 -2.3936 1.7486
-29.0139 35.5068 0.1565 3.5155
7.8737 -0.5537 -1.1588 0.5478
2.0798 65.4373 -0.1696 1.6940
28.6243 -26.9055 -0.1770 6.5306
-4.6208 8.4319 -2.3575 1.8566
-6.3066 35.1506 -2.3467 4.4493
-7.7422 -11.5952 -2.3233 2.2871
1.3572 64.0631 -1.1933 1.8941
-13.2798 59.2774 0.7255 2.3486
18.8031 -15.3021 -2.3683 1.4131
-4.3668 -3.3056 -2.2933 1.7978
9.1492 2.9601 -1.3919 0.8024
-27.1864 5.0386 -0.8677 1.0323
-9.2106 1.3780 -2.2455 1.6803
-5.1263 14.9859 -1.2049 0.5751
-19.0221 -0.1693 -2.2213 2.8341
-19.4104 16.8905 -1.1214 2.6867
-6.1993 -23.2500 -2.4436 4.5465
-15.0832 36.5805 -1.3790 6.2155
-4.9751 8.1733 -2.3462 1.9139
-15.4411 9.7944 -0.9433 0.7617
3.6082 -3.8660 -1.7346 0.8576
-13.2396 -16.9562 -1.4139 5.3250
3.1541 5.4789 -2.4586 1.7341
-7.2468 -37.3081 -1.8020 2.1184
-14.5859 10.8434 -1.3577 0.7980
29.0563 52.3615 -2.5273 5.7270
-4.6719 15.1014 -1.2533 0.4195
5.5000 -45.5249 -2.8520 4.9419
-14.3399 9.7110 -1.6808 1.0226
15.5461 57.6484 -2.5181 8.8823
-10.3144 -6.2245 -2.1566 1.6044
32.8425 29.2418 -0.3550 3.1880
38.2116 -22.8919 -1.7150 9.7411
-21.6143 -15.3944 -0.6536 3.5114
-7.4890 -23.5371 -2.2544 2.2621
6.6055 -5.7510 -2.4836 1.9746
-5.1124 14.9822 -1.1380 0.3148
-70.8526 -46.1573 -1.3974 6.5651
2.8976 39.0056 -2.4533 3.4835
16.1377 4.5413 -1.3594 2.6796
61.0095 2.1375 -4.7872 6.4384
3.7588 10.7480 -2.5307 1.8664
41.9168 19.0049 -1.0841 6.5052
6.6447 22.6281 -2.2102 0.9325
-58.6138 -39.1041 -2.0049 6.8256
-5.7676 -3.9123 -2.3204 1.5774
-0.9079 64.1755 0.0881 1.6715
50.8607 -17.8727 -2.1493 8.8302
7.4375 11.2047 -2.6069 2.5315
16.1381 22.4517 -1.2230 2.9061
-5.5855 4.6301 -2.2718 1.8282
-8.9428 22.5620 -1.2427 2.9172
-21.6393 19.6077 -0.5163 0.6643
-53.1021 -2.4748 -1.7959 5.5719
-55.3769 -49.0334 -2.4840 10.8878
-3.8689 -7.4862 -2.4031 2.0686
-5.5205 3.8055 -2.2543 1.7276
2.4407 41.2256 -0.2934 1.8367
-8.8211 1.3134 -2.2445 1.7438
0.1796 6.1561 -2.3521 1.6801
-0.6535 17.8430 -1.8995 2.8384
3.6066 -3.9766 -0.8188 1.0688
-52.9602 -6.2491 -1.9306 5.4385
1.1721 14.8093 -2.4332 1.2505
-9.5654 -34.7357 -1.6262 1.0104
-3.3194 15.9791 -1.5498 1.2338
2.8844 9.8601 -2.4827 1.9084
34.3655 -3.8862 -2.7430 4.8860
-3.3769 17.4758 -1.6982 2.5089
-17.2238 -8.2556 -0.8798 1.0788
5.1914 22.5518 -1.9525 1.2076
4.6435 5.8170 -2.5270 1.6399
-20.9212 16.8425 -0.5851 1.3877
61.3517 -0.5108 -2.3935 0.7435
-7.6604 -3.8066 -2.3147 1.7759
32.5168 17.3257 -1.1350 7.0057
15.5121 22.0569 -1.7818 0.9634
-33.6672 1.8990 -1.0562 0.6063
10.9988 19.9751 -2.5205 1.9158
-39.4399 6.6917 -0.9697 1.1288
-13.3876 63.7254 -0.3314 6.3733
-17.8452 29.7310 -1.6265 5.2293
18.0809 6.2494 -1.9429 3.5369
-27.4899 4.8153 -0.4656 1.4223
-10.8432 -26.2778 -2.2038 5.8212
12.9513 3.3614 -0.4665 0.6962
27.6903 78.2542 -2.0228 8.7802
32.8420 -25.2021 -0.9043 1.4636
-38.3289 -15.5710 -1.7917 5.4812
0.7364 7.5150 -2.3910 1.8013
31.2532 31.7129 -2.4017 5.4042
-15.3498 9.4038 -1.5565 0.7014
13.9002 -44.7108 -4.5117 7.8472
6.2457 2.7434 -2.4817 1.3481
13.1358 1.3962 -1.4238 1.0417
3.2764 6.3356 -2.4654 1.6234
9.9769 8.4702 -2.6603 2.5551
-8.6129 -21.0843 -1.9997 2.6681
-5.9460 15.7165 -1.3705 1.9057
-17.8003 -6.6377 -1.5954 2.2016
2.8523 -15.7314 -2.7867 4.1893
-66.3011 -36.0852 0.1550 8.7662
1.8585 20.5810 -2.0760 1.3209
21.4072 -29.8231 -1.2264 1.9740
-17.3219 8.3192 -0.5198 1.7894
-51.2309 -56.8082 -3.0375 10.7176
6.6570 10.2044 -2.5775 2.4801
-32.0087 -6.4549 -2.1403 6.6652
-37.2446 7.9866 -0.9162 4.3023
-6.3739 0.3869 -2.2739 1.6792
3.8190 15.7990 -2.5364 1.7883
6.1186 2.3925 -2.4468 1.3437
35.8692 15.3026 -2.6401 5.4207
-57.7469 -41.2296 -2.0229 6.8046
-40.5939 4.5394 -1.3852 3.2262
-13.2140 -8.4944 -1.0768 2.5025
33.0720 -25.0497 -1.4153 3.2931
-16.6846 13.7915 -1.5420 1.7720
22.3112 51.1156 -0.4976 10.5231
10.2237 47.7524 -2.6434 5.2926
13.1636 2.1524 -0.9233 1.5455
-0.2084 -8.5049 -2.5112 2.7128
3.5482 -3.9629 -0.7515 1.4110
28.2556 54.4562 -2.5879 4.7791
-21.1497 -14.7262 0.3172 1.2220
20.2270 -30.5367 -0.9493 6.6283
20.7430 -47.9063 -4.7124 12.9817
53.3058 -16.7092 -1.6861 8.8733
-7.6312 52.6182 -1.5728 5.3162
-23.4996 11.7096 -0.7095 0.3911
-1.6869 64.1376 0.4846 3.4319
-23.0646 26.7420 -1.2980 2.5218
25.9694 51.4352 -2.2481 10.7904
-17.4759 -8.4201 -0.7913 0.7231
49.1401 36.4878 -1.6348 5.9771
7.9261 -0.5286 -1.1328 0.6593
-5.1991 -8.9419 -2.4068 2.1108
15.0038 -35.5064 -3.6949 8.6496
-23.5048 6.7459 -1.5181 1.2051
-1.5278 15.2312 -1.5007 1.2042
15.3714 -16.8483 -1.9406 5.0526
17.4608 23.4434 -1.2044 1.3723
44.1224 -20.4109 -1.9681 5.4695
19.6487 -13.5817 -2.4584 3.9963
18.3928 4.2693 -1.6028 1.5158
40.0681 -21.7171 -0.5217 7.0066
-54.4453 -47.6463 -1.9981 11.9174
-31.9661 2.6493 -1.6550 2.7241
10.5271 19.0584 -2.5904 1.2936
-54.2074 -49.4237 -2.5382 8.7504
23.0650 -29.1244 0.4322 6.5954
-12.6748 -8.0928 -1.7205 1.2556
19.9042 23.2037 -1.7748 0.8051
53.6064 -16.5371 0.7394 5.9237
3.6026 -3.9794 -1.6594 0.7678
13.2375 1.4661 -1.4148 1.1585
-21.3305 15.3595 -0.1601 0.9898
-8.1939 -13.4529 -2.2637 2.8059
-19.3822 45.9263 -0.8097 3.7179
-5.8927 8.3971 -2.3505 1.8064
38.7112 -22.6714 -1.0033 3.9177
2.2171 7.5842 -2.4357 1.7780
9.3557 2.9843 -0.4951 0.4633
41.2901 -21.3003 -0.9035 8.5308
13.5612 -7.6795 -2.7236 3.3350
-21.4544 56.0928 -0.0429 2.0532
-12.9385 -8.1943 -1.4777 1.0480
-31.4355 -14.6545 -1.1961 4.1240
-23.2220 12.0223 -0.6648 0.5057
23.6200 -39.3734 0.1623 7.2553
-2.3539 8.6979 -2.3822 1.8106
42.8632 39.0883 -2.6086 8.5784
3.6117 -3.9086 -2.0153 0.7354
18.1743 3.6074 -1.3502 0.9434
26.4320 -7.2343 -2.5014 0.7530
-13.5912 -9.2729 -1.0359 2.9493
-27.3969 4.6052 -0.8249 1.4172
-5.9456 -5.4319 -2.3373 1.8611
-5.5483 15.1812 -1.3108 1.1723
-22.7718 23.9561 -0.2359 3.4289
-19.8341 13.3547 -0.9973 0.6456
18.3673 24.0775 -0.4597 1.0291
7.6075 -11.6204 -1.7865 3.5867
11.7911 20.0567 -2.5344 1.5611
-12.9803 -7.6525 -0.8662 0.2563
51.4062 -17.6679 -1.0151 2.2868
18.1601 13.0166 -1.8852 1.4309
-4.4345 -4.1798 -2.3188 1.9198
18.3353 23.7255 -1.1193 1.4789
3.4991 -3.9589 -0.5700 0.4187
35.3960 6.8880 -2.8022 8.4211
27.2953 8.3558 -2.9825 4.9067
40.4780 -21.1235 -0.4372 4.0796
50.9238 85.0999 -3.0109 6.1019
-5.8869 -1.9410 -2.2974 1.6392
-3.9489 15.3249 -1.3952 0.9007
-9.5447 -14.4202 -2.2367 2.1959
-21.8761 13.1050 -0.7120 1.0543
-69.8181 -37.7747 -1.7710 6.9765
-23.0138 -13.4053 -0.1298 2.4084
-5.7388 6.7170 -2.3087 1.8738
17.7939 34.5954 -2.5943 10.8067
9.2680 3.1526 -0.6297 0.3628
-45.7054 -4.5166 -1.6315 9.6748
-14.0057 -36.4105 -1.9243 2.2263
-6.5899 -38.9885 -2.2654 3.4227
1.5311 20.9866 -2.0381 1.0578
-27.0437 28.7628 -0.1137 2.8380
3.5578 -3.9479 -0.7131 1.0052
27.5552 -6.8218 -2.5840 1.8972
-70.8529 -46.1570 -1.3974 6.5315
-8.1344 -23.2415 -2.3510 2.3734
0.7044 64.7053 -0.1812 1.9282
-7.5595 -23.4499 -2.3061 3.5297
4.4683 5.3625 -2.5226 1.6478
-33.6827 2.1907 -0.5693 0.9163
3.5278 -3.9302 -0.8029 1.1867
7.9396 -0.5099 -1.1475 0.2140
-24.1148 6.9584 -0.7368 0.7336
8.3147 -6.3627 -2.5647 2.0757
3.5693 -3.9804 -0.5452 0.2814
4.7158 18.6025 -2.3801 1.9160
22.0170 -46.3508 -1.9120 11.4257
20.9421 -14.1423 -2.7491 3.4836
5.9111 2.5384 -2.4489 1.2943
-20.2254 19.1677 -1.2378 1.7376
24.2882 5.4726 -2.8308 4.3693
-6.5553 61.8991 -0.9358 2.5345
-33.8805 1.9535 -1.2155 0.6255
2.2965 -40.7928 -3.6821 10.5128
-9.5496 -6.8606 -2.1579 1.8095
62.3880 53.1253 -3.4750 7.3070
36.5948 -23.6108 -1.3690 2.0938
-5.9621 -4.5013 -2.3340 1.7271
-12.9199 -7.8616 -0.9680 0.2914
-21.3776 -20.6663 -0.7818 5.0287
19.8870 12.3535 -2.1954 0.9777
-7.7506 0.2526 -2.2794 1.7086
-43.0836 -2.2868 -1.5195 7.6188
51.1320 -17.8245 -0.9778 2.9910
9.5162 3.1022 -1.1220 1.4465
21.8063 -9.2180 -2.1668 1.0102
29.8284 28.7534 -0.5679 2.8655
-1.5204 15.2112 -1.6039 1.2366
26.8454 -52.9212 -5.0020 5.4077
1.4878 65.2498 0.0208 1.6649
-12.2683 1.9535 -2.2316 2.3064
-4.6318 15.1150 -1.2792 0.3568
23.9790 -7.8474 -2.4065 0.6218
24.8428 -7.4568 -2.3315 0.7443
22.2932 -29.4424 -0.2758 6.8166
-14.8169 -1.0364 -2.2283 2.3534
-23.9518 6.8800 -0.8741 0.7764
7.8210 -6.3942 -2.5445 2.0204
5.3571 -10.5715 -2.6642 2.1662
-4.2688 -8.3624 -2.4231 2.1825
8.7675 5.2155 -2.6310 2.0832
-52.9542 -4.0518 -1.7954 5.8192
-5.6697 15.3277 -1.2337 0.8063
-23.9980 7.0390 -0.8479 0.6175
3.7929 66.2091 -0.6106 3.5728
27.4092 27.7584 -2.5729 4.1047
-11.7757 -35.5853 -1.5598 2.2660
18.5477 12.9020 -1.8769 0.8419
31.0186 -5.9935 -2.5499 0.7665
45.7522 -19.5028 1.0208 5.8827
18.4259 14.2249 -1.8478 3.2141
-25.4494 50.6413 -0.9028 6.7778
5.6395 -45.5317 -2.8432 4.0234
21.5920 -37.7451 -3.9325 9.3634
-3.3567 13.9593 -2.1531 1.1234
-4.9015 15.0156 -1.2180 0.2314
23.2509 46.7408 -2.6864 9.4149
10.4530 19.5128 -2.5266 1.5561
-14.4663 10.7155 -1.5278 0.9439
29.6387 8.0096 -3.0469 5.7882
36.0908 -25.0525 -1.6679 9.0871
11.9442 25.4054 -2.1120 3.4262
-24.0811 11.2452 -0.7569 0.6726
18.4057 24.6715 -2.0189 1.4824
60.8042 0.7595 -2.2261 1.4179
9.5416 2.8291 -1.0690 0.4592
7.9153 -0.5178 -1.1132 0.3240
-9.9580 -25.4510 -2.2138 5.0815
22.8363 -8.6190 -2.3410 0.9420
6.4505 -13.6376 -2.7738 3.0491
-36.0079 -22.1503 -0.0000 3.3727
-8.1268 -23.4135 -2.1999 1.1589
39.0205 -22.2660 0.8924 5.3520
2.3563 18.1580 -2.0939 1.5021
-12.8465 -8.2163 -1.1971 1.7701
