22.4991 28.0846 0.1772 0.6132
3.3148 -3.5449 -1.8949 1.5855
1.0109 16.7478 -0.6513 2.2018
-16.9793 -3.4372 -1.2466 0.6076
-3.4312 4.1069 -1.6631 1.9055
-6.8888 0.7659 -1.7739 1.8669
13.8417 -13.6216 -0.3758 0.6074
26.3741 -1.2032 -1.2271 3.5169
5.5766 1.6677 -1.7258 2.0107
24.7494 23.2055 0.8213 3.0676
-3.2085 -4.5727 -1.5951 0.7008
-19.9366 0.1694 -1.1732 0.9156
-3.2631 -4.8907 -0.9946 0.3390
4.4856 14.8068 -0.7504 1.8343
-11.3755 33.7873 0.7052 8.8794
10.3720 -2.2156 -1.8513 1.8912
5.3489 -7.2716 -1.2288 0.3292
-10.6881 13.0264 -0.3787 0.3065
-24.8531 -20.1434 -2.0832 1.8411
6.2788 -11.5630 -0.3481 0.6095
5.2243 -11.1472 -0.4876 0.9586
14.9355 -2.0456 -1.8398 2.2741
-6.9478 -12.2705 -1.7203 1.0343
-10.0172 -27.4551 -2.1310 6.8463
-3.1403 6.1707 -1.4579 1.2798
-11.9511 -35.3835 -3.1114 6.4942
2.0905 -6.5928 -0.7968 0.2344
-16.5366 -4.8078 -1.5545 1.0832
0.2612 -6.2103 -1.2425 0.4039
-10.0318 -5.3354 -1.9858 1.9055
4.8648 -7.3183 -1.2712 0.3492
13.1499 2.4060 -1.3719 0.6592
2.1465 7.4992 -1.1942 1.5957
40.7126 30.7444 1.0671 2.2569
40.7910 30.7767 1.4342 1.7028
5.2571 17.3249 -0.5803 2.0622
2.1153 7.6822 -1.1732 1.5993
21.2516 -7.6504 -1.1156 3.4092
-13.4583 8.5051 -0.9286 0.4326
-40.3929 4.2745 -0.8796 2.8536
-5.9459 -10.0173 -1.6288 2.6685
15.5865 -14.1260 -0.8119 1.0550
-1.5153 10.8271 -1.0423 1.6704
-12.1441 2.2750 -1.7200 1.7399
-1.5498 14.8143 -0.8508 1.4243
22.8376 34.5636 1.0522 5.3034
-18.9292 -12.1923 -1.4458 1.6734
-2.5039 -4.3354 -1.1809 0.5073
-12.8181 25.8251 0.6730 5.6491
9.8751 -8.3578 -1.5513 0.6227
10.0422 -8.4096 -1.4785 0.6007
-13.7699 8.2728 -0.9340 0.6978
-2.6147 -4.4823 -0.7355 0.2869
-9.6096 2.5837 -1.7112 1.8657
0.0134 9.3316 -1.0670 1.4565
-9.5418 14.3432 -0.3365 0.6490
-7.3742 20.3330 -0.3355 0.6259
0.6775 5.4633 -1.4442 1.2460
-34.0454 -12.9929 0.2807 2.6700
6.5104 2.1290 -1.7113 1.5323
5.8165 9.2064 -1.2851 2.0388
-2.5108 8.0011 -1.2644 1.5147
-44.3496 0.4535 -0.3660 5.5253
-19.2824 -32.6164 -2.8588 5.7700
5.8006 1.8220 -1.7154 2.0158
-15.0958 13.7192 -0.2281 1.3297
-0.9359 7.8847 -1.2115 1.5021
14.3002 0.6258 -1.7163 2.1360
-20.8860 -31.7995 -2.3550 6.2471
-17.9996 -22.5907 -1.9781 0.8566
-4.6915 6.9726 -1.4158 1.4108
2.9985 -6.7190 -1.0950 0.3174
16.2942 -4.0040 -1.9069 2.2878
22.0464 -5.4694 -1.0853 0.9362
-19.3399 -15.9171 -0.7317 2.8838
-2.0150 -4.0982 -0.4984 0.4078
-3.9034 -20.6849 0.1510 1.2320
-14.1913 -34.4372 -3.2067 7.2886
2.1887 4.8761 -1.5025 1.1426
23.5546 -6.2554 -1.4177 0.8190
-14.7970 8.0673 -0.8605 0.6442
16.8102 1.5939 -1.3183 0.4621
-1.0432 -7.1669 -1.3129 0.4543
-4.8900 -5.5146 -1.7415 1.7734
-22.5523 -30.4596 -1.8670 6.0075
9.2070 -8.1853 -1.5277 0.4628
12.6594 31.8877 0.6159 1.8691
13.8983 2.2396 -1.4287 0.7586
0.2391 8.3283 -1.1386 1.4911
-3.2874 -4.8430 -1.2008 0.3744
-6.9387 4.4839 -1.6396 1.5823
14.8008 32.3820 0.8708 0.5891
-12.2294 -18.1849 -1.4015 5.0258
-0.4469 -28.4754 0.2688 5.2012
-4.3660 4.3722 -1.6450 1.5601
-5.5846 0.4192 -1.7724 1.8158
-1.9590 -4.0778 -0.6146 0.3756
-17.1180 14.0713 -0.1009 1.4769
15.6768 -14.1344 -0.5862 1.0700
2.0950 -21.6992 -0.4970 6.2124
2.5733 4.7752 -1.5481 1.5700
16.4555 -9.8879 -1.3765 0.8004
-3.2009 -4.7460 -1.1480 0.3461
-13.7060 8.4218 -0.9124 0.5258
65.6986 -18.7063 -1.2358 10.4672
-8.0637 2.2241 -1.7325 1.6671
22.9741 -16.7069 -0.4063 2.4904
3.8594 -7.0151 -1.2875 0.4064
23.4746 23.6540 0.2070 3.7434
25.1137 18.4649 -0.2442 4.6568
2.2358 -6.5829 -0.9508 0.2063
22.1668 -5.2650 -1.2860 0.5477
-38.7126 -17.5794 -1.4291 1.8100
-23.3215 -20.5858 -1.8868 0.7524
-3.5827 -4.9371 -1.3689 0.7245
57.1535 19.9143 1.1894 1.9799
-18.6348 14.3872 -0.1576 1.7217
3.8066 4.8024 -1.5221 1.3528
54.7361 15.4838 0.1556 1.3621
47.9738 29.0429 1.2803 3.4783
10.3327 15.6373 -0.9281 2.8541
39.9747 6.4618 0.2282 1.0689
-8.9832 -0.2555 -1.8206 1.8639
5.0079 -7.4195 -1.2221 0.4275
0.7450 20.2558 0.2979 1.6753
-7.5409 3.7124 -1.6691 1.8619
-19.5944 -8.1573 -1.3677 4.5386
5.7956 2.1921 -1.7124 1.6980
40.6746 -13.2398 -1.9392 8.0024
-5.0210 2.3901 -1.7176 1.8127
3.2887 11.8352 -0.9254 1.7897
46.7157 -5.0557 0.5425 3.3448
-8.3431 17.9302 -0.2036 0.8983
2.9137 -6.6937 -1.1676 0.2928
-34.9762 17.6183 0.1331 2.1377
38.7305 24.4282 -0.0265 1.4292
-12.4469 -35.8074 -2.2232 4.2226
7.8036 -7.8660 -1.4810 0.3681
1.5220 -6.4389 -1.1725 0.3670
11.1714 2.5904 -1.6599 0.9915
6.0734 -1.3981 -1.8018 1.5462
14.4301 -2.7652 -1.8720 2.1332
3.9919 12.3500 -0.9397 1.8861
3.5781 -6.8612 -1.3631 0.3593
2.6056 4.8289 -1.4980 1.3589
-20.2388 -12.1023 -1.4662 0.4557
-9.3046 15.1104 -0.4630 0.6979
-1.7469 -7.6932 -1.2931 0.4259
0.6448 5.3298 -1.4703 0.9813
16.5055 1.8944 -1.2823 0.8560
-35.2593 -10.7892 -1.2714 2.4429
-8.5285 17.2915 -0.1962 0.6571
-14.8937 13.6415 -0.3026 0.7843
-17.3762 14.1291 -0.1342 1.0055
1.8699 -6.5158 -0.9413 0.2141
22.6036 18.0561 0.6084 1.4684
59.9175 -7.3775 1.1448 9.0920
9.2344 -12.4348 -0.4012 0.5752
-2.6661 9.4674 -1.1694 1.6698
-2.5951 -21.2757 -0.1787 0.6822
-23.7465 -31.8612 -0.6378 6.6880
40.0657 -15.7402 -1.1604 1.4605
-10.2891 13.2206 -0.2600 0.3861
-19.4829 -32.4805 -2.8638 5.4696
-17.0380 -16.2211 -1.0157 0.5376
-17.8376 -1.6139 -1.1642 1.2691
1.4042 5.2190 -1.4910 0.9095
4.5817 -10.8582 -0.6676 1.7540
-13.7649 13.4294 -0.3965 0.6034
45.0656 -5.4182 -0.7158 4.7669
-32.3254 -0.6771 -1.1392 1.2001
-1.5430 -34.8441 0.2891 11.2775
1.8249 -6.5131 -1.0085 0.2026
-11.9698 13.0579 -0.3941 0.5750
5.7584 31.0371 0.3034 4.0313
-4.1813 -20.7839 -0.0185 1.4002
-19.9778 -33.6159 -2.4571 7.5687
8.3933 -1.6854 -1.8259 1.7549
-18.0606 -4.5525 -1.4116 1.8337
7.2720 11.3093 -1.1830 1.9728
23.3873 19.8200 0.4258 2.3419
-24.0759 7.1238 -1.0348 4.5251
20.5170 34.2755 0.6675 2.4900
-16.4106 -3.9019 -1.3890 0.7646
0.1228 -6.3682 -1.3144 0.2612
-6.9295 -12.1287 -1.5508 0.9304
-7.7382 4.5831 -1.6299 1.6691
6.0460 11.5015 -1.1125 2.0226
1.9230 9.5268 -1.0528 1.6957
-5.9463 -21.0968 -0.3357 1.7322
-8.9009 16.1989 -0.2434 0.6546
-51.7763 -9.5900 -1.3382 1.0372
-12.2910 -8.1494 -2.0690 2.4473
-16.5755 -3.7332 -1.1932 0.6278
-19.9793 -33.2036 -2.5778 9.0491
11.3746 3.9273 -0.9291 1.0600
49.3261 -21.1854 0.7527 1.7753
-7.2549 -11.9753 -1.7282 0.9899
-2.2497 13.7953 -0.9149 1.2845
-2.6051 -9.4641 -1.3227 1.8920
1.0757 5.2363 -1.5056 1.6821
-10.3622 13.2741 -0.2321 0.3811
2.7437 -6.6715 -1.1828 0.3617
-17.1365 -3.0804 -1.1368 0.6038
-34.9451 -26.2534 -0.0520 1.5661
2.2318 6.0355 -1.3624 1.1153
-16.3667 -15.1761 -0.7260 1.2870
5.4465 -2.3561 -1.8556 1.6059
0.5027 5.4842 -1.4380 1.2848
-16.7131 -3.3300 -1.1520 0.5119
17.1108 4.0553 0.0179 1.0759
1.8823 5.0724 -1.4782 1.3521
-56.2463 -18.7838 -0.4007 13.2607
-7.8173 4.8490 -1.6185 1.6338
4.7322 -11.0040 -0.3901 1.0605
-17.8581 14.2399 -0.2125 1.7317
52.2473 27.6882 1.6706 4.2626
3.3956 4.6995 -1.5307 1.2786
-22.2960 1.2033 -1.1710 1.0292
16.3631 -14.3115 -0.8989 1.3988
-31.7877 11.8948 0.1312 1.2614
17.4807 1.3920 -1.3045 0.5446
-6.7443 -16.1966 -1.0346 5.2720
-22.5408 15.1675 -0.0319 1.0118
-27.8071 -10.2967 -1.6384 0.3132
39.9355 5.9120 0.4518 0.6837
24.3636 26.9375 0.4744 3.4485
15.1452 -9.5725 -1.4590 0.5817
12.6594 31.8877 0.6159 1.8691
-4.0818 -4.9318 -1.6248 0.8954
-2.5106 -9.3388 -1.2398 1.7646
-5.0077 -5.4893 -1.7659 1.8771
36.1559 6.0760 -0.4281 2.4130
-24.2044 -20.2070 -2.0841 0.5359
-17.9076 14.5563 -0.0365 2.7641
-2.9307 6.1842 -1.4565 1.0834
10.0212 10.8170 -1.2512 1.9915
1.4848 15.5420 -0.7118 1.8381
11.9912 -8.9278 -1.3570 0.5612
-5.8952 22.4389 0.2062 0.9370
-22.2392 1.1482 -1.0557 0.7266
25.7777 -16.0208 -0.2308 5.3436
-3.1428 -4.7824 -0.8235 0.3360
44.8962 -3.8891 0.0985 0.8281
-22.9964 11.3105 -0.4379 2.3021
-12.7041 9.8765 -0.6930 1.7474
-17.0749 -3.2205 -1.0898 0.5169
-17.9357 14.3686 -0.1061 1.9222
-32.0663 0.4471 -1.0483 1.4879
19.3118 1.0918 -1.2768 1.4127
3.2954 4.7532 -1.5183 1.5601
26.9917 -11.7479 -1.7254 5.4079
10.5614 29.8752 0.3739 3.1951
41.7198 22.6027 0.6447 3.8831
13.9777 -13.6477 -0.6856 0.7643
-1.6743 -34.9205 0.6722 10.6761
-17.2311 -3.2511 -1.1332 0.4754
-13.8333 -36.3030 -1.9663 6.3028
-24.1734 15.4568 -0.2051 1.2820
9.1305 -8.1670 -1.5392 0.4029
-5.5849 -24.5122 -0.8670 7.1634
-15.6240 -6.4357 -1.9451 2.1950
38.4525 23.9442 0.0932 2.1699
0.1650 -6.4119 -1.1634 0.3539
-1.9575 -4.0898 -0.5963 0.4753
1.0041 5.1952 -1.4680 1.1232
-8.1877 5.4681 -1.5952 1.7129
18.7674 34.6444 0.7278 2.5343
-16.9001 -3.2821 -1.2520 0.6594
-5.8986 22.6628 0.1550 0.9498
49.5970 -21.2440 0.7473 1.5441
-18.0017 -4.0059 -1.4042 1.6522
-5.9231 -9.6549 -1.5026 2.6362
10.3311 -12.6950 -0.9912 0.6599
-2.6040 9.2699 -1.1835 1.6062
-17.4462 -2.5818 -1.1870 0.7948
-12.7401 13.2087 -0.3312 0.5577
6.5712 -7.6097 -1.4826 0.5068
1.7587 -6.5672 -1.1039 0.2828
-8.0112 -18.3389 -0.3160 2.3206
-11.6551 -9.6666 -2.1358 2.5917
-23.0132 11.1583 -0.3495 1.8234
-22.3396 -11.9410 -1.3964 0.6392
-1.0098 -6.8581 -1.3251 0.6196
19.6931 -10.8121 -1.1018 0.7944
-47.8171 14.8658 -0.2275 4.3453
-28.0608 -12.3189 -1.7521 1.9232
0.3488 20.6132 0.2040 0.2686
32.2080 -1.3566 -0.4635 2.1456
22.7412 -11.3773 -1.2135 0.9179
12.9596 2.4654 -1.3973 0.5418
8.3472 -7.9643 -1.4977 0.4350
-9.2345 15.3505 -0.3779 0.6205
-23.2683 10.7181 -0.2107 0.5869
-32.6473 11.0273 -0.9950 3.0175
-40.9627 12.6492 -0.8659 3.3412
14.7057 -9.3530 -1.4154 1.1438
2.5128 -6.6584 -0.8834 0.2747
13.3044 2.3740 -1.4093 0.6179
-17.0009 -16.1970 -1.2002 0.6560
-2.7991 15.0562 -1.0156 1.8656
-4.2969 -5.0678 -1.6298 0.8712
9.1215 -12.4210 -0.4787 0.5832
6.4425 11.9956 -1.0921 1.9802
24.1026 27.8304 0.3323 1.7814
-3.1696 -4.7815 -0.9267 0.3694
-12.7847 4.5834 -1.6148 2.0322
-14.9670 8.3831 -0.5363 0.8799
-7.6582 -2.3314 -1.8796 1.7874
-19.4250 -0.2267 -1.0757 0.8568
-14.2211 13.5031 -0.3515 0.8956
40.3390 4.2887 -0.0388 0.5655
-1.3437 -4.5615 -0.9516 1.2467
11.9464 2.9068 -1.3460 0.3192
7.4079 13.7691 -1.0007 2.0710
0.1068 6.7360 -1.2870 1.1437
3.5473 -3.4886 -1.8958 1.6449
24.4597 22.3640 0.4522 0.4752
-4.8443 -5.2990 -1.7592 0.9425
-15.4037 13.7351 -0.2750 1.1672
-19.0901 -0.6826 -1.1815 1.1899
-22.2504 1.1782 -1.2515 1.0159
26.9354 17.7452 -0.4290 5.4591
-0.4444 5.4699 -1.4897 1.1201
-7.6701 -18.2675 -0.7311 4.8511
0.2019 -6.3498 -1.2966 0.2874
44.8523 -3.9674 0.3931 0.6195
-23.5599 -20.4932 -1.7270 0.7928
-3.0976 13.7932 -1.1077 1.9094
1.6376 -23.1374 -1.3471 5.5371
12.7267 -9.0819 -1.3015 0.5447
22.3370 -5.6321 -1.3157 0.8358
8.7014 -8.0512 -1.5128 0.4321
-9.8638 -5.6713 -1.9988 1.8964
2.5365 -6.6170 -1.1121 0.2784
-4.4084 -20.8667 0.1216 0.8947
-11.8305 -7.9788 -2.0698 2.3387
-26.4052 -27.9260 -1.1939 2.0646
52.6182 16.2452 -0.2265 1.6031
-5.9024 3.0964 -1.6953 1.7715
28.8139 -16.3877 -0.2329 6.8372
-9.8619 13.7232 -0.2352 0.4342
-6.8990 21.1557 -0.1407 0.6871
-17.2034 -16.1466 -1.3495 0.5456
-15.1899 -14.6589 -0.9098 3.0784
-15.9525 -15.5344 -0.3695 0.9775
23.0708 -5.5775 -1.0751 0.5979
-7.2444 20.7715 -0.2417 0.6901
4.2237 -7.0453 -1.4226 0.3442
15.2209 -9.5503 -1.5139 0.4045
3.8519 4.6038 -1.5195 1.6891
-28.2145 -9.9008 -1.6216 0.5780
7.5978 -7.8285 -1.4335 0.3659
28.2335 0.1619 -0.3768 1.0837
28.6200 -0.5431 -1.1266 1.1202
-1.5160 -7.5371 -1.3309 0.5078
1.2174 9.6279 -1.0496 1.4614
-27.0589 -13.6967 -0.3087 2.9621
9.0607 -12.3984 -0.4346 0.6437
-3.7951 -5.1820 -1.4680 1.0535
62.0415 -18.3596 0.3865 1.4554
12.0671 2.8861 -1.4069 0.5348
8.6655 -1.8885 -1.8297 1.7539
19.5307 11.0583 -0.0583 2.0787
-8.6735 16.9228 -0.3899 0.7003
-14.8056 -13.8593 -0.4812 3.2846
-1.6923 -7.6769 -1.2526 0.2803
-1.6558 5.7112 -1.4757 0.9289
-17.4238 -2.7029 -1.2853 0.5449
15.3044 1.8834 -1.3931 0.7277
-4.2980 6.3976 -1.4499 1.4016
49.4429 -21.4757 0.7312 2.4065
-23.8335 7.4900 -0.9973 3.8604
-19.9685 0.1811 -1.2196 0.7756
-1.8157 32.8251 0.2443 3.7120
30.8138 26.0075 0.8356 2.9339
22.2003 -5.5150 -1.1771 1.4843
-7.0082 -12.3602 -1.8148 2.4137
9.2910 -12.4796 -0.2979 0.5731
4.5711 3.4865 -1.6498 2.0869
-8.7697 7.9100 -1.4662 1.8676
-26.2453 -14.8198 0.1641 3.1178
2.6136 9.8094 -1.0390 1.7282
-0.1238 -6.7919 -0.8581 0.4048
-19.8984 -12.2446 -1.4357 0.3964
61.4066 -18.8841 0.5429 1.5327
7.4791 -7.7661 -1.5067 0.4248
-2.5775 6.0125 -1.4657 1.3002
-17.3627 -4.4782 -1.4056 1.0228
39.8198 -16.3787 -1.3116 1.3814
-31.3449 2.0819 -0.8192 3.0483
2.1119 -6.6072 -0.8625 0.2280
-7.3710 20.4084 -0.2307 0.6673
15.3851 -2.3618 -1.8528 2.2361
-7.9859 -18.3197 -0.1855 0.9349
2.9664 10.2299 -1.0315 1.8535
-0.3702 -6.8643 -0.8750 0.2527
-24.1218 -15.7414 0.0612 2.7035
-11.1697 -6.4607 -2.0161 2.2112
-20.2355 0.0676 -1.3423 0.8819
48.2666 -24.8239 1.2625 4.6896
0.8487 5.2133 -1.4786 1.0855
4.9879 -11.1088 -0.4559 1.0154
-1.0798 -7.2923 -1.1857 0.2864
-3.9738 6.2622 -1.4595 1.4007
22.8548 -17.2855 -0.1125 1.7751
33.2639 2.6051 -0.8177 3.6168
11.3782 4.7058 -0.4929 1.4214
-7.2400 20.5177 -0.3915 0.6760
-19.8856 -12.2758 -1.4550 0.4716
-1.4276 -7.6590 -1.2045 0.3545
-17.0207 -3.0467 -1.2555 0.5849
-17.8736 -3.7297 -1.2434 0.9405
2.3513 17.4740 -0.6090 2.4819
-3.7571 6.9535 -1.3945 1.2648
-5.9810 22.3891 0.1528 0.8386
-20.0574 -12.1777 -1.3253 0.4094
24.5472 22.1527 0.5674 1.4955
14.1429 1.7558 -1.4630 0.7934
-55.1119 14.9352 -0.9465 6.8662
-2.2613 -4.2383 -0.7530 0.3477
25.2232 -5.4663 -0.9835 0.9123
-5.2483 3.7977 -1.6642 1.8837
-10.9293 0.2392 -1.8027 1.8482
14.7604 11.2609 -1.1553 2.9713
25.7537 -16.0008 -0.2712 5.2592
-6.0247 -0.3418 -1.8003 1.8310
-18.3193 -1.7513 -1.1394 0.9644
-0.0493 -6.7653 -0.9238 0.4613
27.2562 2.0529 -1.3101 4.6718
-26.3668 14.9223 -0.0101 4.4779
24.3760 -11.7108 -1.6365 5.0335
-0.0767 -27.0460 -0.2334 2.9762
-7.7976 19.1720 -0.2340 1.0639
-5.9077 22.2843 0.3261 1.1977
-10.8275 1.5453 -1.7500 1.7845
17.1323 -14.4700 -1.2013 1.4208
-16.8298 -3.3429 -1.1974 0.4269
33.4704 -0.2271 -0.4130 1.6463
-16.4469 -4.5922 -1.5315 1.2162
-12.0222 -35.3466 -3.1285 7.2082
-0.0353 -6.4720 -1.2423 0.2193
8.1338 -1.8363 -1.8232 1.7197
42.0439 18.6150 0.2839 6.9997
23.1984 -16.4558 -0.0698 1.0172
8.7222 20.9800 -0.4801 3.7748
-9.1119 5.1375 -1.6015 1.7491
1.7457 -22.8041 -1.1328 5.0203
2.3278 26.2839 0.5636 1.3835
-20.0472 -0.3684 -1.1399 0.9726
-1.2961 -4.7624 -1.1453 1.2694
-4.4709 27.0165 0.1274 1.2034
-8.9844 15.9707 -0.2803 0.6384
22.5673 -18.2251 0.1817 5.1869
3.8886 13.1517 -0.8504 1.9048
4.8010 -7.0960 -1.3237 0.3684
22.6963 28.1077 0.2791 0.6621
-7.5660 3.8943 -1.6594 1.6112
2.2892 6.2808 -1.3158 1.1457
-4.7484 -5.4660 -1.6812 0.6771
22.3048 -5.5218 -1.2347 1.2080
-14.9678 8.3535 -0.5667 0.8914
-15.2922 -4.6887 -1.4966 1.5951
29.8649 -11.6077 -1.5667 5.4668
18.1307 1.3166 -1.3279 0.9368
7.6318 -7.8453 -1.2821 0.3731
-6.1338 22.3507 0.0910 0.9401
-34.3790 -12.8857 0.2899 2.4289
3.8680 -3.0337 -1.8975 2.0163
5.5820 -0.3001 -1.7753 1.7720
-1.5795 -7.5708 -1.3400 0.2296
-14.6613 7.9669 -0.9449 0.7259
48.4814 -24.6468 1.1721 7.5379
22.1824 -5.3660 -1.2684 0.7672
-6.1954 -13.4548 -1.7408 2.1788
-52.1220 -9.4667 -1.2717 0.6085
19.4286 11.3399 -0.3295 2.6270
41.0531 14.4273 0.0759 6.2249
13.5396 32.6630 0.6413 0.8512
-59.6439 -1.8204 -1.6438 5.6786
-3.4521 6.1631 -1.4406 1.3910
-6.8658 21.2384 -0.1297 0.6950
-4.4664 22.0261 -0.0294 2.9382
-12.9664 -36.6889 -1.8637 0.9295
-9.3269 0.8126 -1.7827 1.8293
40.5131 30.7751 1.2863 2.4245
-17.1472 -4.5217 -1.4444 1.2593
-8.4386 2.9079 -1.7026 1.7844
3.2800 4.5951 -1.5191 1.1024
-6.8621 4.2281 -1.6445 1.8078
11.6344 33.0646 0.9492 3.6135
3.2416 -14.9468 0.2488 3.0239
0.0590 -6.4007 -1.3028 0.1917
-3.1704 -4.8131 -0.8869 0.3412
-16.9644 -4.4197 -1.4044 1.2348
-16.2566 -4.6076 -1.5239 1.1280
-3.3377 -4.8589 -1.2629 0.4670
-3.6624 4.0750 -1.6580 1.8692
-4.5449 -3.0250 0.1698 0.9826
2.5012 13.6176 -0.8267 1.8426
-9.0371 -4.7954 -1.9687 1.8401
3.1212 4.7371 -1.5091 1.4629
-47.9302 14.9666 -0.0765 4.7124
5.4903 -11.2705 -0.4779 0.8018
18.1812 1.2758 -1.3574 0.8255
30.1132 -0.7636 -0.8365 1.7832
5.9201 10.2527 -1.2066 1.9329
-17.1268 -16.1736 -1.1848 0.4278
3.0915 -15.2008 0.0191 1.6304
-27.9908 -9.9515 -1.5047 0.3083
-19.8618 -12.4596 -1.3418 0.6068
-2.5089 23.0404 -0.1055 4.6589
