-34.1111 -22.3094 -0.6078 5.7112
-27.5695 -15.6005 -1.3261 1.9268
1.7978 25.2611 -1.0020 3.2453
-6.8705 -13.4341 -1.3031 0.9761
18.7805 -0.4940 -1.7500 3.3787
8.7876 1.5663 -1.8028 2.1470
10.5105 4.8548 -1.3368 0.6079
21.8266 31.3643 0.4338 0.6249
8.2014 17.9847 -1.4648 3.2942
-13.7098 18.9402 -0.7471 0.5892
-16.2717 11.1644 -0.6188 1.2976
14.5217 -6.7103 -1.0935 0.5474
13.2285 6.8677 -0.3090 0.9063
-12.7245 5.7511 -1.7412 2.0000
6.6645 -8.0737 -1.2399 2.1317
-16.1366 -19.6468 -0.6751 0.6963
1.5263 15.4866 -1.3786 2.2207
3.4635 3.0092 -1.7886 1.9297
-0.1254 17.2925 -1.2285 2.3674
-3.7118 -4.4408 -1.0782 0.4217
-19.1911 -29.8248 -0.3973 5.7510
-3.8194 5.1463 -1.6784 0.9558
-19.4885 -15.7866 -1.1521 0.5335
-12.5937 23.7394 -0.7067 1.6388
-13.1775 19.6881 -0.6502 1.1269
13.1909 6.8159 -0.3311 0.7916
30.7499 4.9453 -1.0792 1.8381
6.1636 34.5180 -0.1371 0.7674
-18.1578 -24.7239 -1.3078 0.7499
7.0222 -0.5135 -1.7714 1.8587
0.9396 13.5794 -1.4297 1.9797
-14.8884 11.9547 -0.7748 0.8125
3.0958 -6.1857 -1.2597 0.2709
2.4232 9.4221 -1.6496 1.8812
-13.0843 1.2613 -1.8049 1.8576
-17.6167 5.4627 -1.2209 0.5936
14.1787 -6.5605 -1.1235 0.3887
-3.7371 -4.5451 -0.5599 0.3267
-12.8950 -4.4285 -1.8153 2.1871
-13.9894 18.2040 -0.7178 0.7189
-53.8678 -24.7699 0.0013 8.4420
-0.9564 -6.2667 -1.0381 0.2290
-23.4310 -32.5395 -0.5617 7.4501
-4.6378 4.9766 -1.7372 1.8269
-2.1183 -21.4079 -0.2766 0.7166
7.3744 -6.3575 -1.3295 0.3550
-25.8615 0.0571 -1.1333 4.1144
-0.8849 5.0729 -1.7075 1.3949
6.3974 -6.3484 -1.0689 0.3772
-16.0596 -36.1783 -1.2545 13.9208
-45.8073 -6.4754 -0.1130 6.9356
-23.4907 -32.5569 -0.6992 8.4618
-27.4377 -2.8063 -1.1180 1.0438
-6.0308 20.0414 -0.5197 1.2294
-0.5743 -6.0554 -1.0791 0.3850
4.8960 3.6474 -1.7690 1.4533
-44.8720 -0.1952 -1.8278 5.4506
-66.3802 2.3836 -1.7116 7.1566
51.8514 -10.8202 1.4525 3.8206
21.8107 -6.8647 -0.8360 0.6939
10.6230 -10.5889 -0.3230 0.4602
40.5203 -7.2502 -0.6184 1.5362
35.6979 16.2870 0.0158 1.8336
24.4304 -1.2588 -0.8431 1.1847
-14.2073 17.8335 -0.5139 0.6441
-0.2038 -6.0447 -1.0692 0.3012
30.7499 4.9453 -1.0792 1.8381
16.3304 22.2640 -0.3226 0.4298
5.2390 -10.1259 -0.4948 0.6243
-6.3339 5.1489 -1.6957 1.6382
5.2078 16.9290 -1.4725 2.5248
6.3974 37.0081 0.2094 2.5696
-23.1730 -32.4804 -0.3789 3.1470
-44.2023 5.3972 -0.3446 4.2367
2.5343 -6.0056 -1.3035 0.6277
-6.3134 -6.1972 -1.5205 1.1017
-50.0369 -15.2244 -1.7975 2.2146
-6.4872 5.2758 -1.6666 1.4433
2.4290 -6.1811 -1.1696 0.3651
3.4310 -6.2311 -1.1279 0.3033
22.7741 5.8880 -1.0624 5.0422
-8.0017 -0.2025 -1.7939 1.7209
27.0325 4.5364 -1.1772 1.0839
29.0288 4.1741 0.0115 3.0117
5.7368 34.5472 -0.0654 0.6946
21.5462 15.4062 -1.2141 5.1238
17.7057 -6.6812 -1.1304 0.4504
11.1944 4.7522 -1.4678 0.7631
6.3731 26.9775 -1.0562 4.6627
-1.0306 -6.0206 -1.0873 0.3370
17.6324 -11.0522 -0.4009 0.6377
-45.4982 10.5521 -0.3481 2.1523
14.1869 32.0502 -0.6415 1.0140
15.0294 16.2742 -0.3513 2.2905
-3.7276 -4.5310 -0.5501 0.3039
-49.9833 -15.0688 -1.7476 5.2566
13.6425 9.2337 -0.2360 3.0712
1.7078 13.9385 -1.4623 1.8757
-15.5321 10.5864 -0.7347 0.3502
-19.3457 -5.6288 -1.2091 0.8016
-4.9693 32.0130 -0.7159 6.6426
-11.3667 0.8945 -1.8141 1.7820
18.0732 18.6188 -1.0063 4.6277
-3.9809 5.1814 -1.6911 1.3009
0.4061 -6.0800 -1.0551 0.2873
13.2930 7.0404 -0.2174 1.1960
39.5504 -9.5176 -1.1076 2.0889
-1.2279 5.4014 -1.6525 1.1157
5.5649 -6.3076 -1.2916 0.4237
-5.0519 26.0235 -0.1722 2.9167
-18.8276 10.3870 -0.6849 0.6986
-41.1332 -26.9250 -0.2256 9.1483
12.3401 -6.5455 -0.9674 0.5740
-6.0647 20.4798 -0.2939 1.4113
61.0447 -6.7912 0.9576 1.4373
-31.1338 -32.3090 0.0814 5.5192
-13.5393 1.7959 -1.7975 1.8758
-7.8026 8.5747 -1.5319 1.7027
-35.7022 -32.1909 0.1738 7.8190
13.2941 7.0549 -0.4754 1.1250
-10.4907 -12.0156 -1.8868 3.1911
1.7176 -19.3744 0.2840 5.5533
-14.3227 16.6494 -0.7183 0.6024
-1.6473 -21.2423 -0.6861 0.5342
-7.1469 -13.5806 -1.3038 2.6430
-5.8079 14.1435 -1.3467 2.5216
40.6225 37.4856 0.5078 2.9280
-27.6026 5.6950 -0.6027 0.8869
15.9364 -6.6993 -1.0331 0.7185
-6.8214 -13.4186 -1.1878 0.4219
-2.3839 -6.3211 -1.0862 1.2279
7.5661 5.7189 -1.5807 0.6509
48.2887 7.9570 0.1685 3.0180
7.7346 -6.3236 -1.2955 0.3647
-16.4313 -25.3555 -1.2209 0.4748
25.5365 4.8844 -1.1659 1.6541
-18.3896 -6.5464 -1.0258 0.5597
-18.9135 3.5726 -1.6367 1.6512
8.3800 13.1728 -1.5821 2.1829
-52.5180 5.5345 -0.7516 3.6920
8.7459 5.1300 -1.3874 0.4835
9.4633 4.9772 -1.3986 0.6306
-5.6234 0.9797 -1.7924 1.9581
-15.0075 1.7094 -1.7838 2.0417
7.6576 2.7589 -1.7870 1.8154
-37.7796 -24.5877 -0.8416 3.9717
1.2924 -6.1427 -0.7109 0.1931
-13.8095 12.4691 -0.8550 2.0941
-52.1507 -2.3108 -0.9003 9.5295
-2.6972 11.6981 -1.3522 1.7112
14.2396 -6.5580 -1.1747 0.3798
-12.8429 21.9744 -0.9217 1.6155
-15.3398 -19.3798 -0.2284 1.5627
11.5300 1.1283 -1.7862 2.0221
-36.1801 5.0240 -0.4340 1.0964
-0.4223 -6.0586 -1.0843 0.4082
-19.1842 -5.9286 -1.0699 0.8723
-1.0410 11.4035 -1.4163 1.7939
-18.7959 -18.7541 -1.0080 1.5941
25.1063 5.3128 -0.4844 1.0997
0.2260 -6.0771 -1.0933 0.3454
0.7292 -6.0927 -0.9243 0.2270
-6.6260 -13.3554 -1.4167 0.2277
-22.0247 -3.7487 -1.1107 0.6880
4.7393 -6.2484 -1.3216 0.3489
-4.8004 -5.4646 -0.7206 0.5553
2.1376 5.6320 -1.7307 1.6206
30.9521 8.1097 -0.6768 2.5518
10.4962 4.8795 -1.3323 0.5315
3.1458 10.2363 -1.6470 1.8899
-21.4344 30.4588 -0.1913 7.6229
49.1755 29.9194 0.3690 4.2239
-8.4591 0.5715 -1.8038 1.8033
-6.4885 -6.2983 -1.5147 1.2044
-2.1460 5.2790 -1.6485 1.3156
-3.5006 5.1825 -1.6841 1.2871
-7.9885 45.0591 -0.2768 8.5206
18.2208 37.5016 0.8402 2.8383
-15.5082 10.9888 -0.9309 0.6305
7.2328 -6.3687 -1.3167 0.4587
-14.4877 16.7399 -0.6031 0.8454
-23.6205 -32.4946 -0.2890 2.0182
-16.1896 9.4291 -0.7588 1.5153
17.4521 -10.0740 -0.6379 3.7205
47.9078 12.4842 -0.2715 3.5036
0.0906 -5.9821 -1.0612 0.3901
-21.3309 -13.6185 -1.0479 4.4055
-2.8435 5.1569 -1.6711 1.0078
-29.1419 -3.9000 -0.6758 3.8918
5.1974 12.3586 -1.6055 1.9075
4.6033 -6.2853 -1.0750 0.3400
-2.7635 5.1788 -1.6691 1.3481
-30.6236 10.5968 -0.6727 1.7907
30.1489 12.4708 -0.9097 4.6873
15.5489 31.8374 -0.6794 1.3011
-18.1439 -6.2109 -1.1820 1.8286
-2.8838 -8.0095 -1.0211 0.5369
8.7830 -6.4628 -1.2295 0.4522
-25.3480 62.0140 0.7484 6.6281
-19.4773 -16.0749 -1.0438 0.4794
3.8208 -6.1308 -1.0493 0.3898
39.3299 -10.7315 -0.8936 2.9260
-6.9496 5.3435 -1.6668 1.4970
2.7000 -6.1694 -1.1824 0.3099
9.8219 4.8044 -1.5005 0.8061
-16.6646 10.4195 -0.7819 0.6043
-44.1411 6.0702 -0.1672 1.6160
-7.1237 5.3612 -1.6528 1.3906
49.4829 -10.9680 1.0601 2.5358
1.8292 10.1751 -1.6005 1.9063
4.5998 -6.3702 -1.1234 0.4585
-14.6030 13.8473 -0.9365 0.8372
13.9149 10.3250 -1.1522 1.6052
-23.2396 4.6221 0.4075 1.4183
11.2566 4.7286 -1.4707 0.6501
16.5161 23.5441 -0.3703 1.9281
8.6082 13.2932 -1.5770 2.2286
-3.1070 5.1838 -1.6989 0.8014
22.9880 -13.9626 0.3408 5.9036
-13.2759 -10.5158 -1.8137 2.7106
19.1303 -6.8032 -0.9436 0.9626
60.0533 4.8821 -0.0056 6.5310
-17.3320 -5.9467 -1.3113 1.9093
-31.8882 -3.1196 -0.9322 1.4674
-0.1850 35.5572 0.6907 2.8716
-1.0332 -6.3761 -0.8551 0.2718
-23.4168 -32.5497 -0.5952 8.4945
-42.9903 -17.9484 0.1037 6.2679
-17.2321 5.6817 -1.2776 0.7842
0.2395 10.3514 -1.5091 1.8172
-2.7246 -7.9461 -0.9192 0.5424
-1.6422 5.4347 -1.6571 1.0844
0.5771 5.4358 -1.6789 1.4127
8.1073 -6.3601 -1.2351 0.3592
-7.0077 -3.5172 0.0807 1.8614
43.4500 -7.0802 -0.6005 5.3492
-0.2840 -5.9573 -1.0959 0.4131
1.2514 -6.1289 -0.7765 0.1752
-13.9588 18.3560 -0.7258 0.5541
12.1546 4.7268 -1.4717 0.6884
-28.1189 -15.0745 -1.2771 0.5025
9.1080 -10.5862 -0.4504 0.6153
-21.4573 21.6973 0.4740 1.8878
-23.3597 4.6383 0.4708 1.4702
-15.8081 10.4721 -0.7420 0.2216
-18.7801 5.1385 -0.9115 0.5994
-18.0770 -24.7599 -1.2056 0.8954
-19.5125 -16.1283 -1.0724 0.6589
-12.2339 -12.2035 -1.7416 2.9575
17.1172 26.1495 0.0342 2.1772
12.4381 4.7808 -1.4091 0.7760
-3.5386 20.6252 -0.5832 3.5986
8.2492 -10.3666 -1.4892 1.3773
-50.2808 -14.7205 -1.7689 5.1545
16.7689 -6.6855 -1.1226 0.6818
-3.0383 -21.4478 0.0259 2.5353
-12.6304 21.5310 -0.5860 1.6600
-11.3788 0.0835 -1.8151 1.7635
-16.2350 -30.3663 -1.2323 5.9311
-24.9784 -19.2034 -0.0274 4.0124
7.5963 6.7049 -0.8486 0.8976
-0.8370 -5.9433 -1.1179 0.4329
2.1801 27.8249 -0.8316 4.1612
0.6500 9.8516 -1.5457 1.8803
-5.5089 5.1949 -1.6757 1.5003
-1.4743 -7.4501 -1.0177 1.0052
-7.4983 49.7962 -1.0588 5.9812
-15.7777 10.5123 -0.7401 0.3485
23.0168 -13.2135 0.0490 6.1356
-17.7486 5.4694 -1.2122 0.3988
-13.1013 -4.6350 -1.8148 2.1898
-16.9330 8.1166 -1.0015 2.4604
-16.5458 -26.9678 -1.2946 5.8136
-4.7325 -5.4250 -0.5423 0.5154
-19.0403 -18.3544 -1.2090 2.1367
-5.5156 2.1205 -1.8084 2.0784
3.2327 -6.0399 -1.1373 0.4857
13.4907 8.7137 -0.9947 1.3434
1.0084 5.5810 -1.7081 1.5675
49.6086 -11.5991 1.1543 2.4014
49.5690 -15.2963 1.4867 7.9342
16.3072 22.2503 -0.5120 1.2433
-7.1443 -14.0930 -1.5311 2.4699
-18.2858 -6.9990 -1.0311 0.6223
26.2859 4.7662 -1.0215 1.9298
32.9408 21.8829 0.1446 0.9432
-2.1052 -21.3714 -0.3590 0.7425
-13.9836 1.2599 -1.8026 1.8344
-18.8825 10.3893 -0.7607 0.8177
0.1636 5.0368 -1.7008 1.7631
19.8490 31.7843 0.6503 1.5363
-3.7153 7.0721 -1.4660 1.3857
31.7586 13.9310 0.3312 1.0822
15.7002 4.1940 -1.4598 1.1983
13.2154 -10.7685 -0.2065 0.5896
-2.0081 -21.3711 -0.4265 0.5511
-22.5599 10.5011 -0.6259 1.6666
-18.8907 -18.7460 -1.1095 2.8305
-17.2558 -24.9308 -1.3158 0.6088
28.6978 4.2362 -0.2461 2.0038
7.9552 -6.4042 -0.9953 0.3596
-5.4317 26.0740 -0.3183 5.5045
9.2900 16.2918 -1.4944 3.2013
31.7835 14.0294 0.3156 2.4281
5.2239 -2.4646 -1.8135 1.5854
15.3875 4.6598 -1.2792 0.7580
-14.2080 36.5394 -0.3506 6.2346
7.7432 -0.8327 -1.7830 2.0123
-2.8739 -8.0274 -1.0477 0.7014
-0.0594 6.1919 -1.6211 1.1889
-21.4677 21.6748 0.4718 1.4940
15.0983 4.6544 -1.3006 0.5012
1.9161 -6.1370 -1.1763 0.4165
4.6639 11.9090 -1.6191 1.8808
11.1533 4.7572 -1.4462 0.7111
0.2885 -6.0789 -1.0327 0.2749
-23.7884 -24.7857 -1.1465 1.2902
-6.7903 5.3929 -1.6677 1.0975
-3.0879 5.9184 -1.5826 0.9683
24.9394 0.7323 -0.8681 2.9060
-14.3871 16.8652 -0.6270 0.6732
-11.4623 7.4465 -1.7100 1.9189
18.6743 37.5321 0.7482 2.7167
7.1874 -6.3399 -1.3568 0.4650
7.6428 6.7664 -0.6294 1.1886
0.8080 5.5008 -1.6955 1.5365
5.5475 -10.1548 -0.4940 0.6079
15.8035 37.9405 0.5026 4.1505
-2.5822 15.6806 -1.2198 1.8020
5.2813 -2.6633 -1.8114 1.5798
7.6243 6.3794 -0.8888 0.9773
3.4360 -9.7661 -1.1624 1.1022
-2.6890 5.1185 -1.6954 1.2175
-12.4110 4.3976 -1.7741 1.8807
42.0815 4.7746 0.6684 0.6074
-17.6566 -7.5706 -1.2786 1.2665
-19.0289 4.0598 -1.5103 1.3402
-6.8717 -13.3642 -1.3489 0.4930
-1.6707 -21.4857 -1.3015 8.8837
-0.6600 -6.1029 -1.1743 0.3694
-45.7875 -5.1056 -0.3594 3.1733
13.1311 5.4579 -1.0938 1.0161
-50.6261 -14.5119 -1.8222 6.3718
-18.1174 -6.7677 -1.1027 1.1961
30.1673 6.5048 -0.1139 1.2551
6.9529 15.2974 -1.5276 2.5415
15.0730 16.3667 -0.6915 2.6738
8.1585 -10.4730 -0.8279 0.6479
-0.2750 5.2325 -1.6844 1.1643
16.3061 4.5449 -1.3699 1.3146
-7.4778 5.3817 -1.6524 1.5933
-22.7966 10.4811 -0.6416 1.1750
1.0259 -6.0950 -0.8061 0.1930
8.5160 -10.4948 -0.8804 0.5686
17.1622 26.1957 -0.1654 1.2316
-14.9912 11.0837 -0.6305 0.5990
-6.4419 2.8538 -1.8035 2.0522
11.1983 -6.4616 -1.3650 0.3643
12.3599 13.5576 -1.3390 2.7249
-6.1724 5.6180 -1.6540 1.1423
17.8733 37.4986 0.8837 2.9944
1.8204 6.9925 -1.6667 1.4525
-11.5879 5.3210 -1.7470 1.8081
-0.6481 -22.4131 0.0706 2.9354
-12.7004 23.1959 -0.8137 1.3224
-25.1906 -19.0797 -0.0366 2.7524
-3.8234 -4.6096 -0.6718 0.3004
8.4366 -10.4834 -0.9700 0.7313
9.7678 -10.5902 -0.4177 0.6221
1.2710 -6.1493 -0.7108 0.2230
0.7767 -6.1205 -0.8281 0.2067
-6.4557 8.3644 -1.4760 1.6019
13.7849 38.4037 0.2695 1.9155
-46.3716 -6.0276 -0.1609 4.9726
-0.9359 -6.2202 -1.1055 0.2153
34.2635 31.3877 0.2680 4.4218
1.0029 17.6468 -1.2777 2.5476
-6.1389 5.6990 -1.6582 1.1697
-3.7639 -4.5500 -0.5409 0.3133
3.2861 37.5838 0.2800 7.2066
-2.8876 12.5063 -1.3257 1.8106
3.9256 -13.8475 0.2952 1.7777
16.2806 22.2208 0.2339 0.5807
0.5900 16.1861 -1.3088 2.0330
-5.0844 3.9143 -1.7856 2.1183
-14.0010 18.2887 -0.6963 0.7999
-11.6106 28.5825 -0.4521 1.9398
28.8325 16.6788 -1.1440 5.1536
14.6620 4.6592 -1.3887 0.6061
-50.3085 -14.6806 -1.8129 5.4856
-19.0764 -29.9484 -0.4685 2.0603
-23.4433 4.9109 -0.2129 3.2213
7.7679 5.9029 -1.2346 1.0769
7.8418 -6.3460 -1.0975 0.3752
-6.7251 -13.3433 -1.4214 0.2682
-0.0158 -6.0597 -1.0791 0.3860
0.6807 -6.0071 -1.0000 0.3041
7.4280 -5.8292 -1.7519 1.2724
-6.9220 -3.6022 0.2444 1.3880
-19.3994 -16.0418 -1.1989 0.4603
19.9043 24.9908 -0.5980 4.4472
8.6818 5.0651 -1.4443 0.5772
15.6622 4.5445 -1.4735 0.9979
6.6272 -10.2846 -0.6046 0.5793
15.8583 -6.7472 -1.0144 0.7075
-4.2229 -4.9243 -0.7943 0.4220
-24.0608 -24.8870 -1.1366 4.5551
-3.4236 5.1421 -1.6787 1.2786
-7.6560 -3.6320 -0.4307 1.9404
0.2049 -6.2711 -0.4990 0.3125
-17.3823 10.4264 -0.6917 0.5307
-15.7777 10.5123 -0.7401 0.3485
-34.6657 -32.2208 0.2915 6.3694
-5.4728 10.1862 -1.3909 1.7283
-6.5217 5.3235 -1.6715 1.4624
-35.9257 -17.5552 -0.9946 8.1352
-23.7884 -24.7857 -1.1465 1.2902
-3.6354 5.2534 -1.6578 1.2136
25.1924 5.3764 -0.2692 0.2399
1.3058 -6.1043 -1.0347 0.3326
-19.0476 5.2034 -0.7137 0.8232
16.3166 22.3181 -0.4769 1.3438
7.5942 -10.3904 -0.7285 0.7195
-33.9584 -6.6385 -1.0174 4.1868
-18.8372 5.3481 -0.6505 1.0538
-4.4878 8.2105 -1.4171 1.6079
11.0262 -6.4528 -1.2975 0.3070
28.5588 37.6062 -0.1798 2.6839
49.0591 -10.5958 0.8584 3.1768
10.4245 -10.5914 -0.1464 0.5560
0.2922 36.6295 0.1589 5.4194
20.4095 37.4105 1.0046 4.6337
-19.1652 -5.5442 -1.2409 0.9660
11.9890 4.7322 -1.4466 0.7257
-2.9435 -8.0745 -1.0752 0.7071
-49.5634 -15.8336 -1.8018 6.3384
3.7236 2.9554 -1.7887 1.7875
-2.3201 -21.5131 -0.0329 0.9691
-11.8166 27.6742 -0.5549 1.7854
-36.0234 5.9071 -0.5576 1.3632
-56.9179 28.7649 -0.0041 4.5757
-14.0857 17.4463 -0.7754 0.9814
-49.5973 -15.8201 -1.8028 6.3047
7.7594 5.8129 -1.3007 1.3198
-1.6548 -6.8339 -0.8135 0.3407
-4.1719 32.0138 -0.3388 7.3216
8.1801 -6.3414 -1.3038 0.3448
2.0961 17.6509 -1.3362 2.6188
-22.3109 -32.4522 -0.0074 3.6533
-3.6653 -4.4798 -0.9623 0.2701
-7.3349 6.2936 -1.6240 1.4332
-1.7649 -6.9187 -0.8208 0.3280
31.3664 13.2301 -0.6769 2.3201
6.3022 23.6159 -1.2717 4.1310
-31.7911 -31.7539 0.5061 8.2551
6.8913 -6.3167 -1.3375 0.5058
-2.3156 7.0418 -1.4569 1.3706
32.9291 21.8543 0.1393 3.5413
-3.0674 5.1485 -1.6745 1.8454
-14.2064 17.4458 -0.3845 0.6205
-5.1697 11.4625 -1.3549 1.8169
0.4906 -6.1392 -0.7277 0.2009
32.8682 22.0061 -0.1146 1.4889
5.9986 -10.2210 -0.3029 0.6342
3.4800 -3.0947 -1.8240 1.6277
-25.2315 -19.0981 0.3072 2.2084
-14.3543 16.5162 -0.7634 0.6089
19.2960 37.5402 0.9351 3.0597
-12.8017 20.9962 -0.5975 1.5549
14.7664 -6.7418 -1.1106 0.5149
13.4056 4.7012 -1.4063 0.8642
-22.1486 -16.1701 -1.0247 0.7827
17.4485 -11.0450 -0.5099 1.6243
4.2504 2.7867 -1.7886 2.0064
0.8734 -6.2263 -0.4069 0.2040
-1.5871 -6.9146 -0.6677 0.3835
22.0701 -6.7674 -0.9826 0.5530
5.7144 -2.3087 -1.8059 1.5741
1.8278 -6.0905 -1.1976 0.3838
-9.1326 -0.2081 -1.8054 1.7516
-1.7570 -21.5962 -1.0004 0.9694
3.4418 14.2245 -1.5194 1.9011
-15.4879 -18.6026 -0.8314 2.4996
-42.6764 -18.3851 0.3952 6.3371
35.8588 37.5543 0.6982 2.0211
10.8646 -6.4742 -1.0694 0.3980
-24.6840 -32.5507 -0.3809 2.3270
-17.0189 7.4209 -1.1037 1.7652
-23.1703 -32.5175 -0.3843 7.9685
-19.5997 -5.4388 -1.1123 1.1630
-1.2887 -6.4345 -1.1088 0.2786
13.2463 7.0031 -0.2404 1.0479
57.9041 -9.9203 1.1012 4.7162
-33.7545 -19.2807 0.4309 3.2705
-2.7740 -7.9441 -0.9661 0.5427
3.3524 3.0067 -1.7967 2.0781
16.9657 26.5649 -0.1451 0.7656
20.1798 37.5383 0.9426 4.4128
-19.3603 -16.1990 -1.1807 0.8494
-17.9660 -8.7063 -1.3454 2.4112
-11.9845 -8.8654 -1.8260 2.3990
48.6491 33.0648 0.5884 2.4014
8.7908 -0.7568 -1.7862 2.0111
5.4836 -0.0134 -1.7651 1.9396
10.4601 -6.3674 -1.3690 0.7059
8.7830 -6.4628 -1.2295 0.4522
0.5827 32.0708 0.0565 2.8545
-3.7294 -4.5130 -0.5221 0.3130
3.7490 3.1345 -1.7945 1.6380
-1.6030 -6.7941 -0.7978 0.3105
-7.8427 5.4763 -1.6820 1.5563
23.0664 -13.0270 -0.0366 3.5187
